Frequency Power
3.881401951959270735e-01 2.417216415064800741e-02
7.245283643657305372e-01 5.532294271067692559e-01
1.099730553055126681e+00 3.491877728768629230e-01
1.578436793796770043e+00 2.143051485008667933e-01
1.901886956460042688e+00 1.902496121941123219e-01
2.238275125629846318e+00 9.617180961398195949e-02
2.497035255760464256e+00 1.280198154297687574e-02
2.768733392397613180e+00 9.198684919075529598e-03
3.014555516021700132e+00 5.437835903684276086e-03
3.286253652658849056e+00 2.086867267705972903e-02
3.583827802309059951e+00 2.649972088444869055e-03
3.764959893400492419e+00 1.629924497306551451e-03
4.088410056063764841e+00 2.151252214033503446e-02
4.373046199207444751e+00 1.499966389694561543e-04
4.592992309818470176e+00 1.330000459111129341e-03
4.877628452962150085e+00 3.178386258571172778e-03
5.356334693703793448e+00 5.440031956483031353e-03
5.666846849860535329e+00 1.686592494410282458e-03
6.171429103615240663e+00 2.845793803252939097e-03
6.443127240252389143e+00 2.491571166123183502e-03
7.012399526539748962e+00 1.764375146225404716e-03
7.426415734748737840e+00 3.747570509661235071e-03
7.736927890905479721e+00 2.743678916414502705e-03
7.995688021036097659e+00 1.040503414013153535e-03
8.280324164179777569e+00 1.298228022725901251e-03
8.539084294310395506e+00 1.379512016681432929e-04
8.810782430947543986e+00 1.550939419269113878e-03
8.991914522038976898e+00 1.150511952855324919e-03
9.302426678195718779e+00 4.440095931817357564e-04
9.794070925443893572e+00 8.708497647427416088e-04
1.013045909461369654e+01 1.193881571293175462e-03
1.076442141343371084e+01 2.406460740931436887e-03
1.115256160862963775e+01 3.874412485236439826e-03
1.150188778430597303e+01 3.854367040465024813e-04
1.179946193395618259e+01 9.469657787849439473e-05
1.230404418771088793e+01 6.114559148914969862e-04
1.276981242194599986e+01 6.980639165383858372e-04
1.315795261714192854e+01 1.337632811535940935e-03
1.364959686439010156e+01 1.520456351818570261e-03
1.397304702705337398e+01 1.133777081180426460e-04
1.423180715718399192e+01 3.938954662456398701e-04
1.447762928080807932e+01 3.064401793971459559e-04
1.480107944347135174e+01 4.248857175920822270e-04
1.522803365818687205e+01 1.707343108623711643e-03
1.556442182735667501e+01 4.016451094668936736e-04
1.590080999652647975e+01 1.458431687630545436e-03
1.622426015918975040e+01 1.474262308265972699e-03
1.654771032185302460e+01 6.050426555275876953e-04
1.679353244547711199e+01 5.816906802620599483e-04
1.734986672525793949e+01 3.720708395336617264e-04
1.781563495949305320e+01 6.256806174800391999e-04
1.839784525228694179e+01 7.767034977464955031e-04
1.878598544748286869e+01 1.481186121260862900e-03
1.923881567521145186e+01 1.239486394841724567e-03
1.962695587040737877e+01 1.229025702385898051e-03
2.004097207861636676e+01 4.571524265454794417e-04
2.058436835189066727e+01 8.931117016642163477e-04
2.089488050804740737e+01 5.629840817446128036e-04
2.116657864468455585e+01 9.825311118283858007e-05
2.142533877481517379e+01 3.082438935037372894e-04
2.190404501555681804e+01 9.752126222715002107e-04
2.216280514568743598e+01 2.674319953174420666e-04
2.244744128883111500e+01 1.018568076338092609e-03
2.273207743197479402e+01 1.000540197369274419e-03
2.299083756210541196e+01 6.395123067819810702e-04
2.327547370524909454e+01 8.160533548888481955e-04
2.356010984839277356e+01 1.161185449692842117e-03
2.388356001105604420e+01 2.803200155943822575e-04
2.416819615419972678e+01 5.152625825396977822e-05
2.441401827782381417e+01 1.679376554483959997e-04
2.472453043398055428e+01 1.055788827038565665e-03
2.503504259013729794e+01 1.941235504467897770e-04
2.528086471376138178e+01 2.187689100173767921e-04
2.556550085690506435e+01 1.122867444945674972e-03
2.585013700004874337e+01 4.339035653348937761e-04
2.616064915620548348e+01 7.461299920332535021e-04
2.644528529934916605e+01 4.052664554429997123e-04
2.693692954659733729e+01 9.422325801302096999e-04
2.731213173528673366e+01 3.007374499142153983e-04
2.762264389144347732e+01 7.829292771811416710e-04
2.803666009965246531e+01 1.041429466174404817e-03
2.838598627532880059e+01 4.749110202220011641e-04
2.865768441196594907e+01 4.619252120116432332e-04
2.896819656812268917e+01 1.511688953591991576e-03
2.930458473729249391e+01 5.207741273505753958e-04
2.961509689344923402e+01 1.195823372602369307e-04
3.002911310165822556e+01 1.915988621042487652e-04
3.039137728384109138e+01 2.100840615966844348e-04
3.072776545301089257e+01 4.971949281025578706e-04
3.105121561567416677e+01 2.795696142779536099e-04
3.136172777183090687e+01 2.835451259222167286e-04
3.180161999305295950e+01 1.309066622847778350e-03
3.211213214920969961e+01 2.859072928401614746e-04
3.246145832488603133e+01 1.109789960241435542e-03
3.274609446802971746e+01 1.454438437296390893e-04
3.304366861767992702e+01 9.489167442955860534e-04
3.334124276733013659e+01 6.605647638677860950e-05
3.361294090396728507e+01 4.107719927840897340e-04
3.425984122929382636e+01 5.700955835667652870e-04
3.480323750256813042e+01 4.381487007490632887e-04
3.511374965872487053e+01 2.288779329218397669e-04
3.537250978885548847e+01 8.359211089612096244e-04
3.569595995151875911e+01 7.494319604028840121e-04
3.598059609466243813e+01 6.587107746562770186e-04
3.632992227033877697e+01 2.370336419271849837e-04
3.661455841348245599e+01 7.150665403586541850e-04
3.711914066723716132e+01 2.478428410610602779e-04
3.740377681038084035e+01 1.558171469424651291e-04
3.768841295352451937e+01 1.001938742291385518e-04
3.796011109016166785e+01 7.379446183047602909e-04
3.825768523981187741e+01 7.067619581322033290e-04
3.871051546754046058e+01 2.825323846240439295e-04
3.908571765622985339e+01 1.786204585041391421e-03
3.974555598806293233e+01 1.090477773047081496e-03
3.999137811168701973e+01 1.067288128218529331e-03
4.031482827435029037e+01 3.741267053221763311e-04
4.083234853461152625e+01 9.873151223952277445e-04
4.115579869727480400e+01 1.594338766314965308e-03
4.158275291199031898e+01 2.943890227995549854e-04
4.188032706164052854e+01 1.158945979436433200e-03
4.217790121129074521e+01 5.037190647334475720e-04
4.244959934792789369e+01 9.557879667529252605e-04
4.277304951059116433e+01 1.102869469927089891e-03
4.326469375783933913e+01 6.910887485792323141e-04
4.354932990098301815e+01 8.777985256644061556e-04
4.427385826534874980e+01 7.782197843791826154e-04
4.462318444102508153e+01 4.273187190293636548e-04
4.489488257766223001e+01 1.964059746256323000e-03
4.524420875333856884e+01 3.643604293198811741e-04
4.555472090949530894e+01 9.725084789171280350e-04
4.583935705263898797e+01 4.665262962541312920e-04
4.633100129988716276e+01 3.247738808233958724e-04
4.666738946905696395e+01 1.131813161471788699e-04
4.704259165774636386e+01 6.572580705713625300e-04
4.750835989198147047e+01 3.192169860654467850e-04
4.781887204813821768e+01 8.768235223414543684e-04
4.815526021730801887e+01 4.908520395102361836e-04
4.893154060769987268e+01 1.748658352175817691e-04
4.920323874433702116e+01 1.891004510191689138e-04
4.960431694603948216e+01 1.286643636605148446e-03
5.040647334944439706e+01 5.407987692226762190e-04
5.088517959018604131e+01 5.823567686132780780e-04
5.142857586346033827e+01 6.461073716898554746e-04
5.192022011070851306e+01 2.063701240000672364e-03
5.238598834494362677e+01 1.290733281590370559e-04
5.269650050110036688e+01 2.858183662985557981e-04
5.298113664424404590e+01 6.477113819343588473e-04
5.327871079389425546e+01 1.465810911992804309e-03
5.377035504114243025e+01 3.059692563167132535e-04
5.400323915825998711e+01 3.424310200142444680e-04
5.445606938598857028e+01 6.781483361589011162e-04
5.481833356817143255e+01 1.396737799137143016e-04
5.499946565926286723e+01 1.562322752084472223e-04
5.533585382843266842e+01 2.561571395723108153e-04
5.581456006917431267e+01 1.810713726209484890e-04
5.617682425135717494e+01 1.218240156052229073e-03
5.661671647257922757e+01 4.750292081283729565e-04
5.703073268078821911e+01 6.950140900296463732e-04
5.739299686297108138e+01 9.073591293078129899e-04
5.767763300611476041e+01 3.152090389492033973e-04
5.800108316877803816e+01 7.841568957987801432e-04
5.833747133794783934e+01 2.113589423506399899e-04
5.864798349410457945e+01 1.614982623192479387e-04
5.898437166327438774e+01 8.656682171011744874e-04
5.934663584545725001e+01 4.887466347069698968e-04
5.969596202113358174e+01 8.030714877317272210e-04
6.017466826187522599e+01 8.921174421837695231e-04
6.044636639851237447e+01 5.778214227962474034e-04
6.067925051562993133e+01 5.755233356841638276e-04
6.101563868479973252e+01 2.881563155088893297e-04
6.139084087348913243e+01 2.268992783659580861e-03
6.196011315977649048e+01 4.604461134986425480e-04
6.230943933545282931e+01 7.775456122900385866e-04
6.260701348510303887e+01 2.654806153225827215e-04
6.304690570632508440e+01 6.420154008431227036e-04
6.338329387549489269e+01 3.239906430048340984e-03
6.371968204466469388e+01 6.335496722106807432e-04
6.419838828540633813e+01 1.728265489845842804e-03
6.466415651964145184e+01 1.792958615352564626e-04
6.494879266278512375e+01 5.355816603896723432e-04
6.524636681243534042e+01 1.090544058661947627e-03
6.558275498160514871e+01 6.973671142392192735e-04
6.585445311824229009e+01 1.580352333317478310e-04
6.613908926138597622e+01 5.489832486949297607e-05
6.654016746308843722e+01 6.943680440925952468e-04
6.703181171033661201e+01 7.407398031654541986e-04
6.745876592505211988e+01 2.704697744803371911e-04
6.793747216579376413e+01 1.237522541197819213e-03
6.837736438701581676e+01 3.513248102785326106e-04
6.879138059522480830e+01 6.008716571852256187e-04
6.937359088801869689e+01 2.456507856008570260e-04
6.965822703116238301e+01 1.375731523841234596e-04
6.998167719382564655e+01 4.555139140377694644e-04
7.035687938251504647e+01 1.409341132278560762e-04
7.082264761675016018e+01 4.879616608135317417e-04
7.117197379242649902e+01 6.850081202940803320e-04
7.143073392255710985e+01 3.861667759522641554e-04
7.175418408522038760e+01 1.707873049704926153e-04
7.205175823487059006e+01 2.414479696503283137e-04
7.225876633897509294e+01 2.364148742732816492e-04
7.258221650163835648e+01 6.761992821019773524e-04
7.295741869032775639e+01 5.166711294814224512e-04
7.361725702216082823e+01 3.799636433192205747e-04
7.404421123687635031e+01 1.139866740471623266e-03
7.449704146460493348e+01 7.790217313667295151e-04
7.484636764028127232e+01 7.610424043186875482e-04
7.513100378342494423e+01 1.199353178786462530e-04
7.544151593958169144e+01 5.720122685603594957e-04
7.573909008923190811e+01 8.553891345791868979e-04
7.601078822586904948e+01 1.093419938316389961e-04
7.634717639503885778e+01 8.508744774199029264e-04
7.703289073988499069e+01 1.275395814949798748e-03
7.760216302617234874e+01 1.660626503688207795e-03
7.792561318883562649e+01 3.341646118249296080e-04
7.818437331896623732e+01 6.095997432638244591e-04
7.848194746861645399e+01 5.513336485222469600e-04
7.875364560525360957e+01 9.703265537401391163e-04
7.933585589804749816e+01 1.247380334846157285e-03
7.973693409974994495e+01 1.799169803413528182e-03
8.006038426241322270e+01 4.478436653192590104e-04
8.043558645110262262e+01 4.794656932229442625e-04
8.065553256171364183e+01 4.959637596748539285e-04
8.114717680896181662e+01 4.116761981919427499e-05
8.139299893258591112e+01 1.638170654277612995e-05
8.170351108874264412e+01 7.743526218167575510e-04
8.203989925791245241e+01 1.213835574208042356e-03
8.258329553118674937e+01 7.829352041056528546e-04
8.286793167433043550e+01 2.459741090238271814e-03
8.333369990856554921e+01 7.725078336080385766e-04
8.357952203218962950e+01 6.720780275069014858e-04
8.391591020135943779e+01 1.530100077965489700e-04
8.460162454620557071e+01 1.061881383896102820e-03
8.491213670236231792e+01 1.762545617947382627e-04
8.520971085201252038e+01 9.267812767746635202e-04
8.570135509926069517e+01 1.251207272163779201e-03
8.640000745061337284e+01 7.691108859852436534e-04
8.676227163279622800e+01 2.073454919032364282e-03
8.725391588004440280e+01 9.869712595214753890e-04
8.755149002969461947e+01 6.235805423819187725e-04
8.784906417934482192e+01 3.415256529144115763e-04
8.817251434200809967e+01 1.232901655717286897e-03
8.872884862178892718e+01 3.773789525882006936e-04
8.922049286903710197e+01 1.084924771439864811e-03
8.986739319436364326e+01 2.817850076480138410e-04
9.032022342209222643e+01 4.825439140356554231e-04
9.063073557824897364e+01 1.422714485753465933e-03
9.118706985802980114e+01 1.476173325239306085e-03
9.152345802719960943e+01 1.583746723431505264e-04
9.200216426794125368e+01 4.754859350742768331e-03
9.280432067134616148e+01 5.509579504779125309e-03
9.336065495112698898e+01 1.233673828854305737e-03
9.395580325042740810e+01 7.131516268291721375e-03
9.442157148466252181e+01 2.406155716617147319e-02
9.471914563431273848e+01 1.696455066839315518e-02
9.596119425893969890e+01 6.299936805616962454e-02
9.731968494212544840e+01 2.232962484297091113e-02
9.760432108526913453e+01 1.902208669204572336e-02
9.847116752120669503e+01 2.559241517913743761e-04
9.893693575544180874e+01 4.465201688910314451e-03
9.932507595063773920e+01 2.659706843550724027e-03
9.971321614583366966e+01 1.069817898045726358e-03
1.008905747379279774e+02 1.962461973706081803e-02
1.012528389201108467e+02 2.951347593219844079e-02
1.015633510762675797e+02 2.240334489812592991e-02
1.020161813039961629e+02 3.601187263036645381e-02
1.029606557789729209e+02 3.132132452656562205e-02
1.033229199611557902e+02 4.056643183902901989e-02
1.037239981628582512e+02 3.035169059080105800e-02
1.041638903840802897e+02 3.620182843547983809e-02
1.053153729631615505e+02 6.514772179736527148e-03
1.054965050542529781e+02 6.471289211146117812e-03
1.058717072429423780e+02 1.038405711216967104e-03
1.061434053795795194e+02 1.414140368944489037e-03
1.063892275032036139e+02 3.004135554453951727e-03
1.066868016528538163e+02 1.935539782558125949e-03
1.069584997894909719e+02 2.504537993423986558e-03
1.074242680237260856e+02 2.612338103355960148e-03
1.079806023035069131e+02 8.496267423050991863e-03
1.084075565182224352e+02 9.185450166597015215e-03
1.087310066808856988e+02 1.364512787958844543e-02
1.090415188370424460e+02 1.154174332515001296e-02
1.095461010907971513e+02 2.004333844363846012e-02
1.101024353705779788e+02 1.258102162597794955e-02
1.103482574942020733e+02 1.063285224500824973e-02
1.106975836698783979e+02 1.380381996050619904e-02
1.109692818065155535e+02 7.251924354215455448e-03
1.112668559561657560e+02 1.560363693342147438e-02
1.115644301058159726e+02 1.098521493852352461e-02
1.117714382099204613e+02 1.064901363483783739e-02
1.120948883725837391e+02 2.507296852445157001e-02
1.124312765417535473e+02 1.882456667548086313e-02
1.129617348085213138e+02 1.151348682515265093e-02
1.131687429126258024e+02 1.137188744652015311e-02
1.136862631728870383e+02 4.597182231894672740e-03
1.139579613095241939e+02 1.621658217970465676e-03
1.142167214396548047e+02 6.072675995149637643e-03
1.145142955893050214e+02 1.659756730823952215e-03
1.147601177129291017e+02 4.827221074233658746e-03
1.150318158495662573e+02 1.165759531875333425e-03
1.152776379731903376e+02 1.589967812737583036e-03
1.155493361098274931e+02 2.814956187254143583e-03
1.157822202269450429e+02 1.160901576358380066e-03
1.160409803570756679e+02 2.453052739350077959e-03
1.163126784937128093e+02 4.800594333885957986e-03
1.165973146368564954e+02 5.070197956570086407e-03
1.168560747669871063e+02 2.392947752660924340e-03
1.171018968906112008e+02 2.097655764741940265e-03
1.173606570207418116e+02 7.619297566832741037e-03
1.176582311703920283e+02 1.638040062037106337e-02
1.179428673135357002e+02 3.650153745471256678e-02
1.182016274436663252e+02 4.177492557498038023e-02
1.184992015933165419e+02 8.565619781547219314e-02
1.187838377364602138e+02 6.547361206149344970e-02
1.190555358730973694e+02 4.918321041451330367e-02
1.193272340097345108e+02 5.519145258165532308e-02
1.195989321463716664e+02 2.975415993736277992e-02
1.204269645627896352e+02 2.654813687214186563e-02
1.209186088100378100e+02 5.600965578535737482e-02
1.212032449531814962e+02 6.642888981041840391e-02
1.214878810963251681e+02 5.744823532573944264e-02
1.217337032199492626e+02 4.958680703224024877e-02
1.220312773695994650e+02 3.644975017768874864e-02
1.227558057339652038e+02 3.649894516502551114e-03
1.230792558966284815e+02 2.364226652345821980e-03
1.233638920397721535e+02 4.347824447553383376e-03
1.235838381503831869e+02 1.749576416517965166e-03
1.238943503065399199e+02 1.458587131818115138e-03
1.241660484431770755e+02 1.448384703972390190e-03
1.244118705668011557e+02 7.059029987421739294e-04
1.247094447164513724e+02 8.718779178787475779e-04
1.249164528205558611e+02 1.139254984888581632e-03
1.252140269702060777e+02 3.851610107594308024e-04
1.256668571979346609e+02 2.347776882157663527e-03
1.259773693540913939e+02 8.999686762928509444e-04
1.263008195167546717e+02 1.694635589401602502e-03
1.267277737314701938e+02 2.137730449652103324e-03
1.271288519331726405e+02 4.105603360200046209e-03
1.275169921283685710e+02 4.946144210627449918e-03
1.281121404276690043e+02 2.135733766656453935e-03
1.293930030718155422e+02 3.982228242161760245e-02
1.298458332995441253e+02 4.627884590775836054e-02
1.301045934296747646e+02 4.325388347947240614e-02
