Frequency Power
6.393973389750633451e-01 8.509902795603702455e-03
1.240043324072850117e+00 1.185487596794940028e-02
2.015070401618381357e+00 3.606166845904768274e-05
2.460710971207062059e+00 6.606460211999669427e-05
2.809473156102550995e+00 6.584818204560903955e-06
3.177611017936678550e+00 1.020159811353812608e-05
3.623251587525358808e+00 2.687485147660276445e-05
4.068892157114039065e+00 1.357771486806498582e-05
4.475781372825442972e+00 1.435771507001075479e-06
5.115178711800506761e+00 6.004347799974993062e-06
5.560819281389187019e+00 1.301467498560225004e-05
6.025835527916505896e+00 6.824201490339363678e-06
6.684608543830207417e+00 1.029512897608900790e-06
7.052746405664334972e+00 3.167406773121941674e-06
7.498386975253015230e+00 7.637454599764146844e-06
7.963403221780334107e+00 2.729789687692632887e-06
8.680303268509950598e+00 1.674365134752580470e-06
8.990314099528163183e+00 1.416008576176328604e-06
9.435954669116844329e+00 3.255779638381061765e-06
9.862219561766886855e+00 1.185583623529747236e-06
1.019160606972373628e+01 1.707438989055062681e-06
1.063724663931241743e+01 1.289965620576027876e-06
1.092788179339199139e+01 5.321581057773304241e-07
1.135414668604203392e+01 9.298021071245667773e-07
1.176103590175343783e+01 1.136051012457216292e-06
1.214854944052620311e+01 1.942382541544095755e-06
1.253606297929896840e+01 5.842470816874645990e-07
1.292357651807173546e+01 3.679541941890076494e-07
1.327233870296722351e+01 3.268467828194705135e-07
1.367922791867862742e+01 1.415549187725079534e-06
1.408611713439003132e+01 1.018199265557891295e-06
1.443487931928552115e+01 4.378338560408069326e-07
1.486114421193556367e+01 9.360133614095324803e-07
1.522928207376969034e+01 2.705157012243581554e-07
1.563617128948109425e+01 1.112509378493022377e-06
1.635307133621071074e+01 7.587043536779360002e-07
1.679871190579939011e+01 1.274005522737840785e-06
1.718622544457215540e+01 4.001862575015372211e-07
1.761249033722219792e+01 3.994267226865449708e-07
1.829063903007454073e+01 1.129004515233207525e-06
1.873627959966322010e+01 9.254467162357698381e-07
1.914316881537462223e+01 4.244084501381714179e-07
1.980194183128832464e+01 2.754839161230301526e-07
2.022820672393836716e+01 1.015341865868192439e-06
2.067384729352704653e+01 4.944264518750749304e-07
2.110011218617708906e+01 2.583120469604980914e-07
2.175888520209079147e+01 3.930563688311880916e-07
2.218515009474083399e+01 5.810383042761742014e-07
2.261141498739087652e+01 2.616495799741200486e-07
2.297955284922500496e+01 1.381949930156773378e-07
2.332831503412049301e+01 2.019079529485524087e-07
2.371582857289325830e+01 3.526274316525584708e-07
2.412271778860466398e+01 3.583845992196974937e-07
2.452960700431606611e+01 2.065435375382476300e-07
2.489774486615019455e+01 1.752475130969827733e-07
2.528525840492295984e+01 1.944618771781763600e-07
2.565339626675708828e+01 2.244965794738076089e-07
2.604090980552985357e+01 4.028036639142488034e-07
2.646717469817989610e+01 3.103966738536146332e-07
2.685468823695266138e+01 1.663252747282276727e-07
2.724220177572542667e+01 7.345552844361644755e-08
2.753283692980500064e+01 2.102460714477553090e-07
2.795910182245504316e+01 6.846140926216437878e-07
2.840474239204372253e+01 3.586383863302790662e-07
2.883100728469376506e+01 1.242140990982754541e-07
2.945102894673019023e+01 3.496452369059717638e-07
2.991604519325750999e+01 7.339738601034769596e-07
3.036168576284618936e+01 4.387228645750986445e-07
3.076857497855759505e+01 4.792519835430564072e-08
3.096233174794397769e+01 3.701159089962286961e-08
3.140797231753265706e+01 4.317142716812085932e-07
3.185361288712133643e+01 4.954968024704524780e-07
3.231862913364865619e+01 4.310544432207403946e-07
3.297740214956235860e+01 6.424745320669977755e-08
3.336491568833512389e+01 2.859443645860664170e-07
3.379118058098516286e+01 2.999346742800987880e-07
3.421744547363520894e+01 3.463657720923740908e-07
3.450808062771478291e+01 2.228396085562668749e-07
3.495372119730346583e+01 1.571095175792931418e-07
3.532185905913758717e+01 9.397918233212201147e-08
3.570937259791035245e+01 1.914511208160563139e-07
3.609688613668312485e+01 3.277908855712809278e-07
3.648439967545589013e+01 1.946844983700824372e-07
3.689128889116729226e+01 1.782162955930117870e-07
3.725942675300142071e+01 5.413598656161041694e-08
3.762756461483554915e+01 1.722973709763697065e-07
3.803445383054695128e+01 2.595464444723710405e-07
3.846071872319699025e+01 1.755067669973818606e-07
3.877072955421520106e+01 1.819979795684299832e-07
3.917761876992661030e+01 1.272781497475308167e-07
3.958450798563801243e+01 2.206707144132048791e-07
4.001077287828805140e+01 1.908024219797164319e-07
4.068892157114039776e+01 2.509393216776785771e-07
4.111518646379043673e+01 2.473576683186762648e-07
4.154145135644047571e+01 2.217312879141957489e-07
4.200646760296779547e+01 1.286388857502189055e-07
4.262648926500422419e+01 3.052817666634225071e-07
4.307212983459290001e+01 2.805565968851377889e-07
4.349839472724294609e+01 1.865222124786514188e-07
4.413779206621801166e+01 1.716733532940320175e-07
4.460280831274532432e+01 3.218221732615449280e-07
4.500969752845673355e+01 1.745199294066047040e-07
4.545533809804540937e+01 1.261443508389060038e-07
4.566847054437043596e+01 1.025050761143767397e-07
4.613348679089774862e+01 2.316155448328602210e-07
4.655975168354779470e+01 2.479837916278871159e-07
4.696664089925919683e+01 7.315229510948908374e-08
4.731540308415468843e+01 9.039772815115163237e-08
4.766416526905017292e+01 1.100658167468418357e-07
4.809043016170021900e+01 2.778162271871616778e-07
4.847794370047298429e+01 1.607659425767491011e-07
4.886545723924574958e+01 7.222431739168562121e-08
4.923359510107987802e+01 1.018235094677508152e-07
4.964048431679128015e+01 1.132504210673505577e-07
5.000862217862540859e+01 2.407194715874261776e-07
5.037676004045953704e+01 1.845264703429950914e-07
5.080302493310957601e+01 2.061601894565380913e-07
5.120991414882098525e+01 5.448182802800855641e-08
5.186868716473468055e+01 2.333648167029877350e-07
5.231432773432336347e+01 2.989627189827326393e-07
5.275996830391204639e+01 3.389895290495419831e-07
5.318623319656208537e+01 1.851808998294478947e-08
5.380625485859851409e+01 2.371880469778021826e-07
5.427127110512583386e+01 4.634544118911152921e-07
5.471691167471450967e+01 3.222387438019186476e-07
5.533693333675093839e+01 6.357737476905129000e-08
5.576319822940097737e+01 1.988156703690601885e-07
5.620883879898966029e+01 4.701012498355956585e-07
5.667385504551698006e+01 2.018138771932300134e-07
5.733262806143068246e+01 1.211771302497691270e-07
5.772014160020344775e+01 1.466220013008492197e-07
5.816578216979212357e+01 2.784971344290163035e-07
5.855329570856488886e+01 1.364534728504863826e-07
5.886330653958310677e+01 1.750506716921264448e-07
5.928957143223314574e+01 1.313257994742403068e-07
5.967708497100591103e+01 8.512181770372144185e-08
6.008397418671731316e+01 1.205575716851421263e-07
6.043273637161280476e+01 1.950561365308238353e-07
6.083962558732420689e+01 1.963923647322994224e-07
6.124651480303561613e+01 1.012654937854160538e-07
6.159527698793110062e+01 5.019728768109674271e-08
6.198279052670386591e+01 1.379688469429483179e-07
6.238967974241526804e+01 2.268531905549988313e-07
6.281594463506531412e+01 1.290117241782082896e-07
6.310657978914488808e+01 1.195632312159196179e-07
6.351346900485629021e+01 1.020639820653675781e-07
6.393973389750633629e+01 2.612069464004147422e-07
6.436599879015638237e+01 1.435024492714210648e-07
6.502477180607007767e+01 2.225495648615879620e-07
