Frequency Power
6.469003253265451225e-02 4.309107925186948817e-04
3.234501626632725335e-01 3.801555688607007001e-04
5.822102927938905825e-01 2.657354082514339771e-04
8.409704229245086315e-01 4.623673226747845562e-04
1.164420585587781165e+00 2.465989722342584321e-04
1.552560780783708294e+00 6.843139064733637974e-04
1.876010943446980939e+00 4.685268356701107265e-04
2.199461106110253361e+00 2.838756395965039625e-04
2.458221236240871299e+00 1.381776819292867631e-04
2.781671398904144166e+00 3.180418546382699705e-05
3.040431529034762104e+00 1.362994162883022413e-04
3.234501626632725557e+00 2.324987960618538963e-04
3.557951789295997980e+00 8.935166736397683041e-05
4.140162082089888784e+00 1.942683373498988472e-04
4.528302277285815691e+00 1.562704091071522955e-05
4.851752439949088114e+00 5.539878703955448031e-05
5.110512570079706052e+00 2.302849732328709204e-05
5.369272700210324878e+00 8.247069934570352794e-05
5.692722862873597300e+00 6.566762223557347082e-06
5.886792960471560754e+00 2.167820637539581190e-05
6.210243123134833176e+00 2.913614670180617665e-05
6.404313220732796630e+00 2.540199586704720557e-05
6.727763383396069052e+00 7.065421676275213292e-06
6.986523513526686990e+00 1.688428970699631742e-05
7.439353741255269270e+00 3.793743802174427525e-05
7.698113871385887208e+00 4.026552814341279415e-05
8.021564034049159631e+00 5.083197254209883713e-05
8.280324164179777569e+00 3.511815662104251552e-05
8.862534456973667929e+00 4.026834162068710309e-05
9.380054717234903805e+00 1.886064663600845389e-05
9.768194912430830712e+00 2.097095771782092261e-05
1.009164507509410313e+01 2.516137487094580026e-05
1.047978527029003182e+01 1.387922321459906380e-05
1.080323543295330424e+01 1.799177817188312329e-05
1.119137562814923115e+01 6.363856842780889439e-05
1.177358592094312151e+01 5.835312843885503445e-06
1.209703608360639393e+01 1.044217003347432805e-05
1.235579621373701187e+01 5.626287721615754474e-06
1.267924637640028429e+01 6.631643261688844754e-06
1.319676663666152017e+01 1.813297159569280799e-05
1.364959686439010156e+01 4.778212017884958296e-05
1.436118722224930089e+01 9.305937058593383515e-06
1.474932741744522957e+01 2.190864465466473130e-06
1.526684767770646545e+01 2.092267002749809458e-05
1.591374800303301029e+01 2.101089680396334605e-05
1.623719816569628094e+01 2.005698453712272545e-05
1.656064832835955514e+01 1.330541456585031596e-05
1.681940845849017308e+01 1.258516976205006517e-05
1.714285862115344727e+01 5.453017746606892255e-06
1.759568884888202689e+01 1.811660917653595389e-05
1.811320910914326276e+01 2.123918357889062233e-05
1.843665927180653696e+01 2.547036071315150223e-05
1.876010943446980761e+01 2.993585603944664159e-05
1.921293966219839078e+01 2.814617191938892309e-05
1.960107985739431768e+01 2.127220449457380703e-05
1.998922005259024459e+01 1.670901401318069366e-05
2.031267021525351524e+01 1.163772247557530211e-05
2.057143034538413318e+01 1.534882021273977778e-05
2.089488050804740737e+01 1.198575251098371143e-05
2.115364063817802531e+01 3.027206362999927475e-06
2.141240076830864325e+01 1.096110982507828398e-05
2.186523099603722642e+01 2.720028102970912409e-05
2.244744128883111500e+01 2.741088747224084099e-05
2.277089145149438920e+01 1.987458064295823411e-05
2.296496154909235088e+01 1.959842758482165960e-05
2.328841171175562508e+01 1.926452713652547396e-05
2.354717184188624302e+01 2.342240552443787931e-05
2.387062200454951366e+01 2.929216412795207318e-06
2.438814226481074954e+01 5.403808126920928821e-06
2.471159242747402374e+01 1.696275800272711208e-05
2.503504259013729794e+01 2.792800094493340673e-06
2.522911268773525961e+01 7.514027745881736447e-06
2.555256285039853381e+01 2.980903973326475920e-05
2.587601301306180446e+01 1.417075768463040612e-05
2.619946317572507866e+01 2.758425769074106568e-05
2.652291333838834930e+01 5.185242302148994215e-06
2.691105353358427621e+01 2.576798274740996206e-05
2.729919372878020312e+01 1.105534137210032470e-05
2.762264389144347732e+01 1.330675555349056700e-05
2.807547411917205693e+01 1.483215545830698173e-05
2.839892428183533113e+01 6.113006654776716040e-06
2.865768441196594907e+01 7.490933568202964701e-06
2.898113457462922327e+01 4.028972032557259997e-05
2.930458473729249391e+01 1.733118926938568725e-05
2.962803489995576811e+01 7.254794548394927102e-06
3.001617509515169502e+01 1.953315033930781429e-06
3.033962525781496566e+01 6.095855637909969462e-06
3.072776545301089257e+01 1.022343294066626328e-05
3.105121561567416677e+01 5.701962853791252048e-06
3.137466577833743742e+01 8.838560806754498707e-06
3.182749600606602058e+01 3.647936974666596380e-05
3.215094616872929123e+01 1.006520127467427122e-05
3.247439633139256188e+01 2.705649697801175925e-05
3.305660662418645757e+01 1.612918610919138963e-05
3.331536675431707550e+01 6.897717775521613520e-07
3.357412688444769344e+01 1.341027901747190129e-05
3.422102720977423473e+01 1.529337131897182749e-05
3.480323750256813042e+01 1.654607688733425146e-05
3.512668766523140107e+01 3.326739995070202280e-06
3.532075776282936630e+01 1.453247548924488200e-05
3.564420792549263695e+01 1.781552065724208012e-05
3.596765808815590759e+01 1.923196325370323074e-05
3.661455841348245599e+01 2.398490480785975948e-05
3.713207867374369187e+01 7.837222714467200637e-06
3.739083880387430980e+01 4.121489539602124075e-06
3.764959893400492774e+01 3.140776039162090417e-06
3.797304909666819839e+01 1.787548844985886528e-05
3.823180922679881633e+01 2.160601234110909793e-05
3.868463945452739949e+01 7.313227134765784793e-06
3.907277964972332285e+01 4.396387989819587540e-05
3.971967997504987125e+01 2.490398604630573179e-05
3.997844010518048918e+01 2.743697409563715576e-05
4.030189026784375983e+01 9.085198703430793246e-06
4.081941052810499571e+01 2.708917358190463242e-05
4.114286069076826635e+01 3.139963794056243159e-05
4.153100088596419681e+01 1.236896014295521273e-05
4.185445104862746746e+01 2.727842519738999115e-05
4.217790121129074521e+01 1.149282176523304117e-05
4.243666134142136315e+01 2.007906359650135482e-05
4.276011150408463379e+01 2.561338290068808517e-05
4.327763176434586967e+01 1.416611449141813436e-05
4.353639189447648761e+01 2.465511246826514288e-05
4.424798225233568871e+01 2.465289688480389952e-05
4.489488257766223001e+01 4.619624256963976536e-05
4.521833274032550065e+01 7.883668668430068125e-06
4.554178290298877840e+01 2.079781154713478900e-05
4.580054303311939634e+01 1.129947466745786248e-05
4.638275332591328493e+01 8.468357757769871705e-06
4.670620348857655557e+01 2.597306065433050228e-06
4.709434368377248603e+01 1.659353713476344419e-05
4.748248387896840939e+01 8.292620330154534250e-06
4.780593404163168714e+01 2.394799536725090546e-05
4.819407423682761049e+01 1.723505805278315506e-05
4.897035462721946431e+01 3.402712092866790281e-06
4.916442472481742954e+01 5.048034753938309174e-06
4.961725495254601270e+01 3.515069770016840552e-05
5.039353534293786652e+01 1.305688165536661823e-05
5.091105560319910239e+01 2.120870761491303608e-05
5.136388583092768556e+01 1.595201802632302096e-05
5.194609612372157414e+01 5.044292540502957249e-05
5.239892635145015731e+01 1.674624589523175584e-06
5.272237651411342796e+01 5.915397501106669695e-06
5.298113664424404590e+01 1.369767134706867540e-05
5.330458680690731654e+01 4.447797545080938797e-05
5.375741703463589971e+01 9.877090244267491763e-06
5.401617716476651765e+01 4.970817347234572483e-06
5.446900739249510082e+01 2.056646260533501267e-05
5.485714758769102417e+01 4.246363166518186929e-06
5.530997781541960734e+01 4.739024304429946231e-06
5.621563827087677367e+01 2.739974790749413514e-05
5.666846849860534974e+01 1.060167350428534093e-05
5.705660869380128020e+01 2.147695577005060325e-05
5.738005885646455084e+01 2.158136913711441882e-05
5.763881898659516878e+01 9.731739033857808016e-06
5.796226914925844653e+01 1.828866007771096371e-05
5.835040934445436989e+01 4.107881899062483683e-06
5.860916947458498782e+01 4.942287992984788194e-06
5.899730966978091828e+01 2.190143537888134654e-05
5.938544986497684164e+01 1.547886518868944974e-05
5.970890002764011228e+01 3.629712934563253390e-05
6.016173025536869545e+01 2.747098798182343417e-05
6.067925051562993133e+01 1.977864501629621977e-05
6.100270067829320197e+01 6.513779753906738535e-06
6.139084087348913243e+01 5.520656610845033226e-05
6.190836113375036831e+01 1.382133561557445885e-05
6.229650132894629877e+01 2.107495990726156903e-05
6.261995149160956942e+01 4.770678134805624472e-06
6.307278171933815258e+01 1.846920006360197873e-05
6.339623188200142323e+01 7.893501920397741345e-05
6.371968204466469388e+01 1.526585532445964239e-05
6.423720230492592975e+01 3.778886317792759736e-05
6.462534250012186021e+01 4.796508081826470092e-06
6.494879266278512375e+01 1.884124605467726521e-05
6.527224282544840150e+01 3.083137860282115546e-05
