   2459939.649028     1.364211     1.427295     0.057098     0.063084
   2459939.658056     1.312675     1.272896     0.057098    -0.039779
   2459939.667083     1.286267     1.271633     0.057098    -0.014634
   2459939.676111     1.258779     1.195662     0.057098    -0.063117
   2459939.685139     1.229886     1.165620     0.057098    -0.064266
   2459939.694167     1.200017     1.158589     0.057098    -0.041428
   2459939.703194     1.168939     1.112184     0.057098    -0.056755
   2459939.712222     1.136279     1.216382     0.057098     0.080103
   2459939.721250     1.104057     1.122221     0.057098     0.018164
   2459939.730278     1.071261     1.047858     0.057098    -0.023403
   2459939.739306     1.038424     1.077077     0.057098     0.038653
   2459939.748333     1.005177     1.072992     0.057098     0.067815
   2459939.757361     0.973284     1.129990     0.057098     0.156706
   2459939.766389     0.942089     0.977897     0.057098     0.035808
   2459939.775417     0.911730     0.984768     0.057098     0.073038
   2459939.784444     0.883193     0.823137     0.057098    -0.060056
   2459939.793472     0.856495     0.879636     0.057098     0.023141
   2459939.802500     0.831412     0.855477     0.057098     0.024065
   2459939.811528     0.808998     0.816759     0.057098     0.007761
   2459939.820556     0.789009     0.733976     0.057098    -0.055033
   2459939.829583     0.771286     0.745011     0.057098    -0.026275
   2459939.838611     0.756965     0.877404     0.057098     0.120439
   2459939.847639     0.745131     0.875703     0.057098     0.130572
   2459939.856667     0.736197     0.782554     0.057098     0.046357
   2459939.865694     0.729932     0.756480     0.057098     0.026548
   2459939.874722     0.726631     0.698098     0.057098    -0.028533
   2459939.883750     0.725780     0.724886     0.057098    -0.000894
   2459939.892778     0.727520     0.708632     0.057098    -0.018888
   2459939.901806     0.731632     0.740461     0.057098     0.008829
   2459939.910833     0.737952     0.758945     0.057098     0.020993
   2459939.919861     0.746447     0.850711     0.057098     0.104264
   2459939.928889     0.756384     0.867518     0.057098     0.111134
   2459939.937917     0.768419     0.824223     0.057098     0.055804
   2459939.946944     0.781499     0.804462     0.057098     0.022963
   2459939.955972     0.795896     0.819014     0.057098     0.023118
   2459939.965000     0.810957     0.749043     0.057098    -0.061914
   2459939.974028     0.827329     0.840107     0.057098     0.012778
   2459939.983056     0.843850     0.855767     0.057098     0.011917
   2459939.992083     0.860631     0.925839     0.057098     0.065208
   2459940.001111     0.877163     0.957442     0.057098     0.080279
   2459940.010139     0.893742     0.936662     0.057098     0.042920
   2459940.019167     0.909252     0.915067     0.057098     0.005815
   2459940.028194     0.925533     0.751125     0.057098    -0.174408
   2459940.037222     0.940286     0.957343     0.057098     0.017057
   2459940.046250     0.954330     0.947505     0.057098    -0.006825
   2459940.055278     0.966937     0.933652     0.057098    -0.033285
   2459940.064306     0.978469     0.920846     0.057098    -0.057623
   2459940.073333     0.988936     1.019090     0.057098     0.030154
   2459940.082361     0.997579     1.038155     0.057098     0.040576
   2459940.091389     1.005084     0.970121     0.057098    -0.034963
   2459940.114653     1.017520     0.989828     0.057098    -0.027692
   2459940.124375     1.019829     0.925142     0.057098    -0.094687
   2459940.134097     1.020436     1.079367     0.057098     0.058931
   2459940.143819     1.019167     0.988056     0.057098    -0.031111
   2459940.153542     1.016385     1.058113     0.057098     0.041728
   2459940.163264     1.012421     1.050988     0.057098     0.038567
   2459940.172986     1.006933     1.018117     0.057098     0.011184
   2459940.182708     1.000280     1.009295     0.057098     0.009015
   2459940.192431     0.992963     0.992030     0.057098    -0.000933
   2459940.202153     0.984646     1.093992     0.057098     0.109346
   2459940.211875     0.976078     0.986396     0.057098     0.010318
   2459940.221597     0.967122     0.934297     0.057098    -0.032825
   2459940.231319     0.958073     0.946568     0.057098    -0.011505
   2459940.241042     0.948689     0.965635     0.057098     0.016946
   2459940.250764     0.941246     1.020097     0.057098     0.078851
   2459940.260486     0.934110     0.942469     0.057098     0.008359
   2459940.270208     0.927992     0.990812     0.057098     0.062820
   2459940.279931     0.923015     0.959358     0.057098     0.036343
   2459940.289653     0.920499     0.929165     0.057098     0.008666
   2459940.299375     0.919288     0.860326     0.057098    -0.058962
   2459940.309097     0.920365     1.013808     0.057098     0.093443
   2459940.318819     0.923544     0.976962     0.057098     0.053418
   2459940.328542     0.929297     0.989766     0.057098     0.060469
   2459940.338264     0.937105     0.878226     0.057098    -0.058879
   2459940.347986     0.947624     0.901593     0.057098    -0.046031
   2459940.357708     0.960250     0.915068     0.057098    -0.045182
   2459940.367431     0.975042     1.001606     0.057098     0.026564
   2459940.377153     0.991976     0.934683     0.057098    -0.057293
   2459940.386875     1.011060     0.977039     0.057098    -0.034021
   2459940.396597     1.031569     1.043633     0.057098     0.012064
   2459940.406319     1.053839     0.919591     0.057098    -0.134248
   2459940.416042     1.076828     1.114373     0.057098     0.037545
   2459940.425764     1.101005     0.995881     0.057098    -0.105124
   2459940.435486     1.125827     1.074074     0.057098    -0.051753
   2459940.445208     1.150792     1.030268     0.057098    -0.120524
   2459940.454931     1.176630     1.240299     0.057098     0.063669
   2459940.464653     1.201692     1.193334     0.057098    -0.008358
   2459940.474375     1.226764     1.288487     0.057098     0.061723
   2459940.484097     1.251310     1.238317     0.057098    -0.012993
   2459940.493819     1.275076     1.248862     0.057098    -0.026214
   2459940.503542     1.297950     1.283107     0.057098    -0.014843
   2459940.513264     1.319128     1.346271     0.057098     0.027143
   2459940.522986     1.339321     1.305454     0.057098    -0.033867
   2459940.532708     1.358195     1.389215     0.057098     0.031020
   2459940.542431     1.375112     1.335138     0.057098    -0.039974
   2459940.552153     1.390341     1.364937     0.057098    -0.025404
   2459940.561875     1.404335     1.401182     0.057098    -0.003153
   2459940.571597     1.415857     1.311161     0.057098    -0.104696
   2459940.581319     1.425124     1.479340     0.057098     0.054216
   2459940.591042     1.432840     1.334884     0.057098    -0.097956
   2459940.600764     1.438662     1.440714     0.057098     0.002052
   2459940.610486     1.441702     1.415626     0.057098    -0.026076
   2459940.620208     1.442377     1.375996     0.057098    -0.066381
   2459940.629931     1.440798     1.461899     0.057098     0.021101
   2459940.639653     1.437453     1.438631     0.057098     0.001178
   2459940.649375     1.432028     1.474409     0.057098     0.042381
   2459940.659097     1.424224     1.443944     0.057098     0.019720
   2459940.668819     1.414048     1.490864     0.057098     0.076816
   2459940.678542     1.402158     1.450716     0.057098     0.048558
   2459940.688264     1.387787     1.345029     0.057098    -0.042758
   2459940.716181     1.337188     1.344220     0.057098     0.007032
   2459940.726597     1.314414     1.284108     0.057098    -0.030306
   2459940.737014     1.289456     1.281579     0.057098    -0.007877
   2459940.747431     1.264158     1.216856     0.057098    -0.047302
   2459940.757847     1.236820     1.169336     0.057098    -0.067484
   2459940.768264     1.208412     1.221877     0.057098     0.013465
   2459940.778681     1.178222     1.216382     0.057098     0.038160
   2459940.789097     1.148136     1.182444     0.057098     0.034308
   2459940.799514     1.116978     1.051193     0.057098    -0.065785
   2459940.809931     1.085424     1.008174     0.057098    -0.077250
   2459940.820347     1.053687     1.072039     0.057098     0.018352
   2459940.830764     1.022439     0.973583     0.057098    -0.048856
   2459940.841181     0.990756     0.922643     0.057098    -0.068113
   2459940.851597     0.959904     0.950012     0.057098    -0.009892
   2459940.862014     0.929855     0.939720     0.057098     0.009865
   2459940.872431     0.900331     0.898805     0.057098    -0.001526
   2459940.882847     0.871997     0.791889     0.057098    -0.080108
   2459940.893264     0.844953     0.827891     0.057098    -0.017062
   2459940.903681     0.819227     0.740593     0.057098    -0.078634
   2459940.914097     0.795094     0.734790     0.057098    -0.060304
   2459940.924514     0.772638     0.857617     0.057098     0.084979
   2459940.934931     0.751430     0.795648     0.057098     0.044218
   2459940.945347     0.732242     0.720670     0.057098    -0.011572
   2459940.955764     0.714734     0.733908     0.057098     0.019174
   2459940.966181     0.698700     0.765392     0.057098     0.066692
   2459940.976597     0.684854     0.697357     0.057098     0.012503
   2459940.987014     0.672234     0.618701     0.057098    -0.053533
   2459940.997431     0.661315     0.633979     0.057098    -0.027336
   2459941.007847     0.652203     0.580587     0.057098    -0.071616
   2459941.018264     0.644586     0.559417     0.057098    -0.085169
   2459941.028681     0.638162     0.654373     0.057098     0.016211
   2459941.039097     0.633379     0.611763     0.057098    -0.021616
   2459941.049514     0.629788     0.555677     0.057098    -0.074111
   2459941.059931     0.627645     0.572119     0.057098    -0.055526
   2459941.070347     0.626691     0.746928     0.057098     0.120237
   2459941.080764     0.626971     0.627605     0.057098     0.000634
   2459941.091181     0.628212     0.619693     0.057098    -0.008519
   2459941.101597     0.630447     0.613785     0.057098    -0.016662
   2459941.112014     0.633989     0.674651     0.057098     0.040662
   2459941.122431     0.638481     0.637409     0.057098    -0.001072
   2459941.132847     0.643771     0.589145     0.057098    -0.054626
   2459941.143264     0.650164     0.660851     0.057098     0.010687
   2459941.153681     0.657378     0.616706     0.057098    -0.040672
   2459941.164097     0.665492     0.648539     0.057098    -0.016953
   2459941.174514     0.674702     0.525026     0.057098    -0.149676
   2459941.184931     0.684724     0.707180     0.057098     0.022456
   2459941.195347     0.695429     0.727453     0.057098     0.032024
   2459941.205764     0.706929     0.719776     0.057098     0.012847
   2459941.216181     0.719379     0.702252     0.057098    -0.017127
   2459941.226597     0.732489     0.721420     0.057098    -0.011069
   2459941.237014     0.746072     0.762238     0.057098     0.016166
   2459941.247431     0.760503     0.790040     0.057098     0.029537
   2459941.257847     0.775448     0.719887     0.057098    -0.055561
   2459941.268264     0.790698     0.786003     0.057098    -0.004695
   2459941.278681     0.806648     0.913286     0.057098     0.106638
   2459941.289097     0.822769     0.842018     0.057098     0.019249
   2459941.299514     0.838961     0.773623     0.057098    -0.065338
   2459941.309931     0.855378     0.898825     0.057098     0.043447
   2459941.320347     0.871695     0.892507     0.057098     0.020812
   2459941.330764     0.887911     0.946233     0.057098     0.058322
   2459941.341181     0.903989     0.941339     0.057098     0.037350
   2459941.351597     0.919575     0.935857     0.057098     0.016282
   2459941.362014     0.934495     0.986592     0.057098     0.052097
   2459941.372431     0.949485     1.065956     0.057098     0.116471
   2459941.382847     0.962912     0.967039     0.057098     0.004127
   2459941.393264     0.976097     0.871766     0.057098    -0.104331
   2459941.403681     0.988268     0.942786     0.057098    -0.045482
   2459941.414097     0.999324     0.968064     0.057098    -0.031260
   2459941.424514     1.009139     0.976917     0.057098    -0.032222
   2459941.434931     1.017989     1.026397     0.057098     0.008408
   2459941.445347     1.025618     0.985055     0.057098    -0.040563
   2459941.455764     1.031590     0.968257     0.057098    -0.063333
   2459941.466181     1.036412     1.096228     0.057098     0.059816
   2459941.476597     1.039565     0.931905     0.057098    -0.107660
   2459941.487014     1.041533     1.111292     0.057098     0.069759
   2459941.497431     1.041835     1.056761     0.057098     0.014926
   2459941.507847     1.041079     0.996939     0.057098    -0.044140
   2459941.518264     1.038592     1.070896     0.057098     0.032304
   2459941.528681     1.034639     0.990684     0.057098    -0.043955
   2459941.539097     1.029355     0.978031     0.057098    -0.051324
   2459941.571736     1.004956     0.983437     0.057098    -0.021519
   2459941.579375     0.998046     0.994970     0.057098    -0.003076
   2459941.587014     0.990329     1.006224     0.057098     0.015895
   2459941.594653     0.982054     0.939286     0.057098    -0.042768
   2459941.602292     0.973933     0.914938     0.057098    -0.058995
   2459941.609931     0.965088     0.882675     0.057098    -0.082413
   2459941.617569     0.955918     0.963521     0.057098     0.007603
   2459941.625208     0.947100     0.867550     0.057098    -0.079550
   2459941.632847     0.937668     0.999775     0.057098     0.062107
   2459941.640486     0.928489     0.931365     0.057098     0.002876
   2459941.648125     0.919460     0.920077     0.057098     0.000617
   2459941.655764     0.910266     1.021880     0.057098     0.111614
   2459941.663403     0.901756     0.903048     0.057098     0.001292
   2459941.671042     0.893245     0.895733     0.057098     0.002488
   2459941.678681     0.885296     0.944372     0.057098     0.059076
   2459941.686319     0.877852     0.983666     0.057098     0.105814
   2459941.693958     0.870797     0.946837     0.057098     0.076040
   2459941.701597     0.864529     0.741725     0.057098    -0.122804
   2459941.709236     0.858732     0.816913     0.057098    -0.041819
   2459941.716875     0.853777     0.715840     0.057098    -0.137937
   2459941.724514     0.849532     0.920120     0.057098     0.070588
   2459941.732153     0.846189     0.928590     0.057098     0.082401
   2459941.739792     0.843650     0.861987     0.057098     0.018337
   2459941.747431     0.842120     0.857143     0.057098     0.015023
   2459941.755069     0.841417     0.831416     0.057098    -0.010001
   2459941.762708     0.841725     0.787403     0.057098    -0.054322
   2459941.770347     0.842954     0.686729     0.057098    -0.156225
   2459941.777986     0.845153     0.915812     0.057098     0.070659
   2459941.785625     0.848301     0.873376     0.057098     0.025075
   2459941.793264     0.852404     0.859562     0.057098     0.007158
   2459941.800903     0.857405     0.790074     0.057098    -0.067331
   2459941.808542     0.863395     0.906344     0.057098     0.042949
   2459941.816181     0.870224     0.916550     0.057098     0.046326
   2459941.823819     0.877931     0.870230     0.057098    -0.007701
   2459941.831458     0.886365     0.959695     0.057098     0.073330
   2459941.839097     0.895664     0.889336     0.057098    -0.006328
   2459941.846736     0.905447     0.918425     0.057098     0.012978
   2459941.854375     0.916263     0.857576     0.057098    -0.058687
   2459941.862014     0.927423     0.991214     0.057098     0.063791
   2459941.869653     0.939309     0.941798     0.057098     0.002489
   2459941.877292     0.951630     0.984206     0.057098     0.032576
   2459941.884931     0.964588     1.067587     0.057098     0.102999
   2459941.892569     0.977837     0.998003     0.057098     0.020166
   2459941.900208     0.991491     0.982298     0.057098    -0.009193
   2459941.907847     1.005705     0.998503     0.057098    -0.007202
   2459941.915486     1.020044     1.115711     0.057098     0.095667
   2459941.923125     1.034596     0.990774     0.057098    -0.043822
   2459941.930764     1.049139     1.031423     0.057098    -0.017716
   2459941.938403     1.064044     1.086873     0.057098     0.022829
   2459941.946042     1.078800     1.131939     0.057098     0.053139
   2459941.953681     1.093760     1.148945     0.057098     0.055185
   2459941.961319     1.108545     1.103442     0.057098    -0.005103
   2459941.968958     1.123260     1.146913     0.057098     0.023653
   2459941.976597     1.138126     1.132043     0.057098    -0.006083
   2459941.984236     1.152794     1.124619     0.057098    -0.028175
   2459941.991875     1.167260     1.093382     0.057098    -0.073878
   2459941.999514     1.181274     1.266102     0.057098     0.084828
   2459942.007153     1.194919     1.247714     0.057098     0.052795
   2459942.014792     1.208608     1.165780     0.057098    -0.042828
   2459942.022431     1.222140     1.165497     0.057098    -0.056643
   2459942.030069     1.235538     1.160409     0.057098    -0.075129
   2459942.037708     1.248256     1.157905     0.057098    -0.090351
   2459942.045347     1.260162     1.115055     0.057098    -0.145107
   2459942.052986     1.272262     1.271741     0.057098    -0.000521
   2459942.060625     1.283338     1.250869     0.057098    -0.032469
   2459942.068264     1.293919     1.194321     0.057098    -0.099598
   2459942.075903     1.304457     1.262445     0.057098    -0.042012
   2459942.083542     1.313888     1.246211     0.057098    -0.067677
   2459942.091181     1.323065     1.182278     0.057098    -0.140787
   2459942.098819     1.331751     1.225608     0.057098    -0.106143
   2459942.123194     1.354498     1.360502     0.057098     0.006004
   2459942.131528     1.360659     1.438910     0.057098     0.078251
   2459942.139861     1.365771     1.414098     0.057098     0.048327
   2459942.148194     1.369882     1.516343     0.057098     0.146461
   2459942.156528     1.373302     1.324484     0.057098    -0.048818
   2459942.164861     1.375723     1.355350     0.057098    -0.020373
   2459942.173194     1.377073     1.458196     0.057098     0.081123
   2459942.181528     1.377603     1.375076     0.057098    -0.002527
   2459942.189861     1.376860     1.277583     0.057098    -0.099277
   2459942.198194     1.375100     1.329789     0.057098    -0.045311
   2459942.206528     1.372161     1.404739     0.057098     0.032578
   2459942.214861     1.368463     1.267869     0.057098    -0.100594
   2459942.223194     1.363613     1.289439     0.057098    -0.074174
   2459942.231528     1.357721     1.297931     0.057098    -0.059790
   2459942.239861     1.350633     1.303509     0.057098    -0.047124
   2459942.248194     1.342337     1.259806     0.057098    -0.082531
   2459942.256528     1.332920     1.200860     0.057098    -0.132060
   2459942.264861     1.322423     1.327892     0.057098     0.005469
   2459942.273194     1.310715     1.375089     0.057098     0.064374
   2459942.281528     1.298097     1.484360     0.057098     0.186263
   2459942.289861     1.284719     1.180389     0.057098    -0.104330
   2459942.298194     1.270509     1.356962     0.057098     0.086453
   2459942.306528     1.255381     1.205426     0.057098    -0.049955
   2459942.314861     1.239268     1.256717     0.057098     0.017449
   2459942.323194     1.222298     1.214752     0.057098    -0.007546
   2459942.331528     1.204786     1.241030     0.057098     0.036244
   2459942.339861     1.186685     1.150866     0.057098    -0.035819
   2459942.348194     1.167539     1.122687     0.057098    -0.044852
   2459942.356528     1.147795     1.245894     0.057098     0.098099
   2459942.364861     1.128295     1.053653     0.057098    -0.074642
   2459942.373194     1.108356     1.073128     0.057098    -0.035228
   2459942.381528     1.088640     1.083262     0.057098    -0.005378
   2459942.389861     1.068487     1.035111     0.057098    -0.033376
   2459942.398194     1.047912     1.110304     0.057098     0.062392
   2459942.406528     1.028426     0.897756     0.057098    -0.130670
   2459942.414861     1.009182     0.953888     0.057098    -0.055294
   2459942.423194     0.990363     0.941355     0.057098    -0.049008
   2459942.431528     0.971647     1.073463     0.057098     0.101816
   2459942.439861     0.954473     0.921524     0.057098    -0.032949
   2459942.448194     0.937917     0.796841     0.057098    -0.141076
   2459942.456528     0.922065     0.952122     0.057098     0.030057
   2459942.464861     0.907495     0.938736     0.057098     0.031241
   2459942.473194     0.894384     0.895599     0.057098     0.001215
   2459942.481528     0.881951     0.991599     0.057098     0.109648
   2459942.489861     0.871275     0.845359     0.057098    -0.025916
   2459942.498194     0.861788     0.948100     0.057098     0.086312
   2459942.506528     0.853600     0.861198     0.057098     0.007598
   2459942.514861     0.847265     0.813968     0.057098    -0.033297
   2459942.523194     0.842293     0.875732     0.057098     0.033439
   2459942.531528     0.838234     0.897181     0.057098     0.058947
   2459942.539861     0.836220     0.778258     0.057098    -0.057962
   2459942.548194     0.834949     0.821919     0.057098    -0.013030
   2459942.556528     0.835408     0.889905     0.057098     0.054497
   2459942.564861     0.836981     0.882583     0.057098     0.045602
   2459942.573194     0.839601     0.830303     0.057098    -0.009298
   2459942.581528     0.843688     0.916499     0.057098     0.072811
   2459942.589861     0.848266     0.837532     0.057098    -0.010734
   2459942.598194     0.854035     0.749387     0.057098    -0.104648
   2459942.606528     0.860602     0.845861     0.057098    -0.014741
   2459942.614861     0.867598     0.926375     0.057098     0.058777
   2459942.623194     0.875326     0.898316     0.057098     0.022990
   2459942.631528     0.883639     0.854304     0.057098    -0.029335
   2459942.639861     0.892068     0.901344     0.057098     0.009276
   2459942.648194     0.900716     0.909993     0.057098     0.009277
   2459942.656528     0.909469     0.822306     0.057098    -0.087163
   2459942.664861     0.918253     0.841796     0.057098    -0.076457
   2459942.673194     0.926881     0.967470     0.057098     0.040589
   2459942.681528     0.934970     1.007227     0.057098     0.072257
   2459942.689861     0.942747     1.071015     0.057098     0.128268
   2459942.698194     0.949924     0.974268     0.057098     0.024344
   2459942.706528     0.956065     0.912334     0.057098    -0.043731
   2459942.714861     0.962411     1.077407     0.057098     0.114996
   2459942.723194     0.967553     0.950786     0.057098    -0.016767
   2459942.731528     0.971967     0.941122     0.057098    -0.030845
   2459942.739861     0.974959     1.049645     0.057098     0.074686
   2459942.748194     0.977231     1.046238     0.057098     0.069007
   2459942.756528     0.978447     0.992361     0.057098     0.013914
   2459942.764861     0.978190     0.994070     0.057098     0.015880
   2459942.773194     0.977293     0.948571     0.057098    -0.028722
   2459942.781528     0.974667     0.915512     0.057098    -0.059155
   2459942.789861     0.971119     1.062797     0.057098     0.091678
   2459942.798194     0.966356     0.920004     0.057098    -0.046352
   2459942.806528     0.960201     0.953782     0.057098    -0.006419
   2459942.814861     0.953228     1.033536     0.057098     0.080308
   2459942.823194     0.945199     0.967413     0.057098     0.022214
   2459942.831528     0.935964     0.826297     0.057098    -0.109667
   2459942.839861     0.925811     1.011082     0.057098     0.085271
   2459942.848194     0.914748     0.934397     0.057098     0.019649
   2459942.856528     0.902928     0.796785     0.057098    -0.106143
   2459942.864861     0.890535     0.956151     0.057098     0.065616
