		2459939.641389    0.886968    0.000168
		2459939.642778    0.862419    0.013234
		2459939.644167    0.885434    0.012532
		2459939.645556    0.861711    0.008529
		2459939.646944    0.866409    0.001775
		2459939.648333    0.873809    0.007291
		2459939.649722    0.863703    0.001415
		2459939.651111    0.852915    0.011474
		2459939.652500    0.858523    0.005356
		2459939.653889    0.878140    0.014280
		2459939.655278    0.861026    0.003226
		2459939.656667    0.878105    0.012991
		2459939.658056    0.859614    0.006717
		2459939.659444    0.861087    0.006884
		2459939.660833    0.855193    0.014868
		2459939.662222    0.873493    0.001094
		2459939.663611    0.878369    0.003047
		2459939.665000    0.858426    0.020083
		2459939.666389    0.873918    0.008022
		2459939.667778    0.888377    0.002393
		2459939.669167    0.886652    0.003470
		2459939.670556    0.894679    0.000070
		2459939.671944    0.885042    0.014433
		2459939.673333    0.911635    0.007139
		2459939.674722    0.904566    0.005282
		2459939.676111    0.920965    0.005563
		2459939.677500    0.920338    0.000867
		2459939.678889    0.903292    0.023846
		2459939.680278    0.938685    0.005293
		2459939.681667    0.938065    0.001540
		2459939.683056    0.943943    0.002087
		2459939.684444    0.955989    0.003345
		2459939.685833    0.962382    0.003253
		2459939.687222    0.968915    0.003171
		2459939.688611    0.966243    0.006230
		2459939.690000    0.974016    0.005298
		2459939.691389    0.968171    0.017771
		2459939.692778    0.986236    0.006330
		2459939.694167    0.965474    0.033901
		2459939.695556    0.985155    0.020949
		2459939.696944    1.022252    0.009672
		2459939.698333    1.012826    0.006259
		2459939.699722    1.025473    0.000003
		2459939.701111    1.009209    0.022582
		2459939.702500    1.041622    0.003758
		2459939.703889    1.041119    0.002595
		2459939.705278    1.035949    0.013577
		2459939.706667    1.071232    0.016167
		2459939.708056    1.082021    0.021667
		2459939.709444    1.074095    0.008577
		2459939.710833    1.070829    0.000527
		2459939.712222    1.066080    0.008739
		2459939.713611    1.080085    0.000910
		2459939.715000    1.095681    0.012389
		2459939.716389    1.082969    0.004017
		2459939.717778    1.088191    0.002311
		2459939.719167    1.095028    0.001543
		2459939.720556    1.085608    0.010732
		2459939.721944    1.097643    0.001321
		2459939.723333    1.106583    0.005433
		2459939.724722    1.093646    0.009220
		2459939.726111    1.106519    0.002246
		2459939.727500    1.100572    0.005035
		2459939.728889    1.106715    0.000296
		2459939.730278    1.105422    0.001452
		2459939.731667    1.093525    0.013300
		2459939.733056    1.101595    0.005055
		2459939.734444    1.094457    0.011746
		2459939.735833    1.116293    0.011005
		2459939.737222    1.102269    0.001594
		2459939.738611    1.099951    0.002249
		2459939.740000    1.095598    0.004777
		2459939.741389    1.094626    0.003505
		2459939.742778    1.081006    0.014448
		2459939.744167    1.088988    0.003477
		2459939.745556    1.097908    0.008720
		2459939.750806    1.071999    0.002112
		2459939.752889    1.071332    0.004112
		2459939.754972    1.074180    0.014589
		2459939.757056    1.056245    0.004943
		2459939.759139    1.059164    0.016375
		2459939.761222    1.034796    0.001093
		2459939.763306    1.032172    0.007956
		2459939.765389    1.017214    0.002575
		2459939.767472    0.997528    0.007102
		2459939.769556    0.992407    0.002089
		2459939.771639    0.983797    0.000388
		2459939.773722    0.971695    0.002173
		2459939.775806    0.976763    0.013101
		2459939.777889    0.958910    0.005451
		2459939.779972    0.925776    0.017790
		2459939.782056    0.937141    0.003204
		2459939.784139    0.903336    0.021360
		2459939.786222    0.913913    0.001847
		2459939.788306    0.908907    0.001265
		2459939.790389    0.907542    0.007693
		2459939.792472    0.884919    0.008052
		2459939.794556    0.871069    0.015800
		2459939.796639    0.891731    0.010244
		2459939.798722    0.881088    0.004016
		2459939.800806    0.869546    0.003681
		2459939.802889    0.878149    0.007566
		2459939.804972    0.872247    0.003586
		2459939.807056    0.869753    0.001959
		2459939.809139    0.877413    0.009491
		2459939.811222    0.875639    0.006758
		2459939.813306    0.874836    0.004004
		2459939.815389    0.862172    0.011545
		2459939.817472    0.886313    0.008912
		2459939.819556    0.880352    0.001685
		2459939.821639    0.891366    0.003951
		2459939.823722    0.915188    0.021657
		2459939.825806    0.905923    0.005542
		2459939.827889    0.910238    0.002402
		2459939.829972    0.898591    0.017233
		2459939.832056    0.916608    0.007787
		2459939.834139    0.913151    0.020194
		2459939.836222    0.947840    0.005155
		2459939.838306    0.952415    0.000109
		2459939.842729    0.979464    0.006086
		2459939.844465    0.965754    0.016064
		2459939.846201    0.991725    0.001630
		2459939.847938    0.998316    0.000156
		2459939.849674    1.014333    0.007406
		2459939.851410    1.025922    0.010870
		2459939.853146    1.023878    0.000738
		2459939.854882    1.028467    0.002618
		2459939.856618    1.038793    0.000112
		2459939.858354    1.035933    0.010326
		2459939.860090    1.056412    0.002939
		2459939.861826    1.058763    0.001643
		2459939.863563    1.059438    0.007437
		2459939.865299    1.064463    0.008522
		2459939.867035    1.075855    0.002809
		2459939.868771    1.097532    0.013482
		2459939.870507    1.074749    0.014189
		2459939.872243    1.087304    0.006080
		2459939.873979    1.098543    0.001303
		2459939.875715    1.099070    0.001612
		2459939.877451    1.102679    0.001009
		2459939.879188    1.097860    0.008181
		2459939.880924    1.101862    0.006011
		2459939.882660    1.101555    0.007792
		2459939.884396    1.125386    0.015218
		2459939.886132    1.117223    0.006885
		2459939.887868    1.114528    0.004485
		2459939.889604    1.098563    0.010767
		2459939.891340    1.115298    0.007366
		2459939.893076    1.106567    0.000603
		2459939.894813    1.102457    0.001158
		2459939.896549    1.095382    0.005373
		2459939.898285    1.086360    0.010925
		2459939.900021    1.097535    0.004344
		2459939.901757    1.097373    0.008435
		2459939.903493    1.086728    0.002667
		2459939.905229    1.071979    0.006518
		2459939.906965    1.095111    0.022235
		2459939.908701    1.069777    0.003009
		2459939.910438    1.053370    0.006753
		2459939.912174    1.064809    0.011612
		2459939.913910    1.051260    0.005221
		2459939.915646    1.035948    0.002638
		2459939.917382    1.040341    0.009560
		2459939.919118    1.030883    0.008157
		2459939.920854    1.015069    0.000461
		2459939.922590    0.992997    0.013214
		2459939.924326    0.983017    0.014783
		2459939.926063    0.974503    0.014652
		2459939.927799    0.975643    0.005017
		2459939.929535    0.989472    0.017395
		2459939.931271    0.969839    0.006146
		2459939.933007    0.958085    0.002949
		2459939.934743    0.945960    0.000997
		2459939.936479    0.958257    0.019326
		2459939.938215    0.932900    0.001791
		2459939.939951    0.924556    0.000938
		2459939.941688    0.925250    0.008783
		2459939.943424    0.920307    0.010540
		2459939.945160    0.895241    0.008148
		2459939.946896    0.893258    0.004423
		2459939.948632    0.902725    0.010346
		2459939.950368    0.887514    0.000174
		2459939.952104    0.890468    0.006938
		2459939.953840    0.864546    0.015480
		2459939.955576    0.882496    0.005521
		2459939.957313    0.867627    0.007152
		2459939.959049    0.884641    0.011686
		2459939.960785    0.871454    0.000568
		2459939.962521    0.873647    0.002049
		2459939.964257    0.863303    0.008604
		2459939.965993    0.880540    0.007732
		2459939.967729    0.887350    0.012892
		2459939.969465    0.875931    0.000692
		2459939.971201    0.884486    0.005021
		2459939.972938    0.884673    0.001779
		2459939.974674    0.876964    0.009939
		2459939.976410    0.874100    0.017386
		2459939.978146    0.908551    0.012011
		2459939.979882    0.901519    0.000579
		2459939.981618    0.926938    0.018813
		2459939.983354    0.905657    0.008905
		2459939.985090    0.929065    0.007735
		2459939.986826    0.926363    0.002122
		2459939.988563    0.930281    0.005597
		2459939.990299    0.926609    0.017076
		2459939.992035    0.939850    0.011649
		2459939.997955    0.964809    0.014723
		2459939.999344    0.990518    0.004261
		2459940.000733    0.978132    0.014781
		2459940.002122    0.994160    0.005383
		2459940.003510    0.998362    0.007916
		2459940.004899    1.027455    0.014438
		2459940.006288    1.020213    0.000780
		2459940.007677    1.022165    0.003751
		2459940.009066    1.038324    0.006034
		2459940.010455    1.039151    0.000450
		2459940.011844    1.026177    0.018495
		2459940.013233    1.046883    0.003593
		2459940.014622    1.060517    0.004258
		2459940.016010    1.071963    0.010010
		2459940.017399    1.090589    0.023446
		2459940.018788    1.056140    0.016056
		2459940.020177    1.088515    0.011470
		2459940.021566    1.080478    0.001091
		2459940.022955    1.089162    0.003111
		2459940.024344    1.077736    0.012291
		2459940.025733    1.109022    0.015301
		2459940.027122    1.097717    0.000486
		2459940.028510    1.094281    0.006088
		2459940.029899    1.099435    0.003684
		2459940.031288    1.109392    0.003743
		2459940.032677    1.115747    0.007845
		2459940.034066    1.110502    0.000806
		2459940.035455    1.107616    0.003563
		2459940.036844    1.103831    0.008530
		2459940.038233    1.107950    0.005253
		2459940.039622    1.111615    0.002073
		2459940.041010    1.108894    0.004919
		2459940.042399    1.129972    0.016483
		2459940.043788    1.116063    0.003042
		2459940.045177    1.112243    0.000089
		2459940.046566    1.100997    0.009865
		2459940.047955    1.130227    0.021116
		2459940.049344    1.110614    0.003308
		2459940.050733    1.130127    0.024995
		2459940.052122    1.113001    0.010520
		2459940.053510    1.082417    0.017037
		2459940.054899    1.088475    0.007768
		2459940.056288    1.101278    0.008440
		2459940.057677    1.075470    0.013525
		2459940.059066    1.079507    0.005263
		2459940.060455    1.101515    0.021202
		2459940.061844    1.054971    0.020795
		2459940.063233    1.072125    0.001241
		2459940.064622    1.066043    0.000378
		2459940.066010    1.055655    0.004545
		2459940.067399    1.071340    0.016671
		2459940.068788    1.037961    0.010883
		2459940.070177    1.053877    0.010927
		2459940.071566    1.052108    0.015420
		2459940.072955    1.027845    0.002456
		2459940.074344    1.006293    0.017649
		2459940.075733    1.012327    0.005034
		2459940.077122    0.994263    0.016387
		2459940.078510    1.005349    0.001415
		2459940.079899    1.020594    0.023507
		2459940.081288    0.991868    0.001614
		2459940.082677    1.006883    0.023450
		2459940.084066    0.984400    0.007872
