   2459939.649028     1.364211     1.357180     0.024471    -0.007031
   2459939.658056     1.312675     1.354227     0.024471     0.041552
   2459939.667083     1.286267     1.293606     0.024471     0.007339
   2459939.676111     1.258779     1.299541     0.024471     0.040762
   2459939.685139     1.229886     1.210852     0.024471    -0.019034
   2459939.694167     1.200017     1.226886     0.024471     0.026869
   2459939.703194     1.168939     1.197164     0.024471     0.028225
   2459939.712222     1.136279     1.146321     0.024471     0.010042
   2459939.721250     1.104057     1.079636     0.024471    -0.024421
   2459939.730278     1.071261     1.113331     0.024471     0.042070
   2459939.739306     1.038424     1.010767     0.024471    -0.027657
   2459939.748333     1.005177     1.035089     0.024471     0.029912
   2459939.757361     0.973284     1.023877     0.024471     0.050593
   2459939.766389     0.942089     0.912055     0.024471    -0.030034
   2459939.775417     0.911730     0.917056     0.024471     0.005326
   2459939.784444     0.883193     0.888405     0.024471     0.005212
   2459939.793472     0.856495     0.809381     0.024471    -0.047114
   2459939.802500     0.831412     0.818638     0.024471    -0.012774
   2459939.811528     0.808998     0.816060     0.024471     0.007062
   2459939.820556     0.789009     0.767853     0.024471    -0.021156
   2459939.829583     0.771286     0.734296     0.024471    -0.036990
   2459939.838611     0.756965     0.737619     0.024471    -0.019346
   2459939.847639     0.745131     0.762151     0.024471     0.017020
   2459939.856667     0.736197     0.702834     0.024471    -0.033363
   2459939.865694     0.729932     0.740143     0.024471     0.010211
   2459939.874722     0.726631     0.698485     0.024471    -0.028146
   2459939.883750     0.725780     0.698974     0.024471    -0.026806
   2459939.892778     0.727520     0.821887     0.024471     0.094367
   2459939.901806     0.731632     0.742079     0.024471     0.010447
   2459939.910833     0.737952     0.740082     0.024471     0.002130
   2459939.919861     0.746447     0.752861     0.024471     0.006414
   2459939.928889     0.756384     0.760658     0.024471     0.004274
   2459939.937917     0.768419     0.743037     0.024471    -0.025382
   2459939.946944     0.781499     0.761626     0.024471    -0.019873
   2459939.955972     0.795896     0.809041     0.024471     0.013145
   2459939.965000     0.810957     0.823033     0.024471     0.012076
   2459939.974028     0.827329     0.775893     0.024471    -0.051436
   2459939.983056     0.843850     0.853635     0.024471     0.009785
   2459939.992083     0.860631     0.903799     0.024471     0.043168
   2459940.001111     0.877163     0.870801     0.024471    -0.006362
   2459940.010139     0.893742     0.908982     0.024471     0.015240
   2459940.019167     0.909252     0.899313     0.024471    -0.009939
   2459940.028194     0.925533     0.944634     0.024471     0.019101
   2459940.037222     0.940286     0.944649     0.024471     0.004363
   2459940.046250     0.954330     0.946331     0.024471    -0.007999
   2459940.055278     0.966937     0.966253     0.024471    -0.000684
   2459940.064306     0.978469     0.933965     0.024471    -0.044504
   2459940.073333     0.988936     1.005252     0.024471     0.016316
   2459940.082361     0.997579     1.008156     0.024471     0.010577
   2459940.091389     1.005084     1.005402     0.024471     0.000318
   2459940.114653     1.017520     1.003406     0.024471    -0.014114
   2459940.124375     1.019829     1.035491     0.024471     0.015662
   2459940.134097     1.020436     1.017704     0.024471    -0.002732
   2459940.143819     1.019167     1.035252     0.024471     0.016085
   2459940.153542     1.016385     1.012909     0.024471    -0.003476
   2459940.163264     1.012421     1.019455     0.024471     0.007034
   2459940.172986     1.006933     1.012239     0.024471     0.005306
   2459940.182708     1.000280     1.031819     0.024471     0.031539
   2459940.192431     0.992963     0.978954     0.024471    -0.014009
   2459940.202153     0.984646     0.978359     0.024471    -0.006287
   2459940.211875     0.976078     0.995044     0.024471     0.018966
   2459940.221597     0.967122     0.968897     0.024471     0.001775
   2459940.231319     0.958073     0.953880     0.024471    -0.004193
   2459940.241042     0.948689     0.939835     0.024471    -0.008854
   2459940.250764     0.941246     0.963921     0.024471     0.022675
   2459940.260486     0.934110     0.946262     0.024471     0.012152
   2459940.270208     0.927992     0.950409     0.024471     0.022417
   2459940.279931     0.923015     0.903416     0.024471    -0.019599
   2459940.289653     0.920499     0.931128     0.024471     0.010629
   2459940.299375     0.919288     0.964561     0.024471     0.045273
   2459940.309097     0.920365     0.943763     0.024471     0.023398
   2459940.318819     0.923544     0.929849     0.024471     0.006305
   2459940.328542     0.929297     0.942684     0.024471     0.013387
   2459940.338264     0.937105     0.944443     0.024471     0.007338
   2459940.347986     0.947624     0.977534     0.024471     0.029910
   2459940.357708     0.960250     0.954104     0.024471    -0.006146
   2459940.367431     0.975042     0.959391     0.024471    -0.015651
   2459940.377153     0.991976     1.016966     0.024471     0.024990
   2459940.386875     1.011060     1.006013     0.024471    -0.005047
   2459940.396597     1.031569     1.032891     0.024471     0.001322
   2459940.406319     1.053839     1.085888     0.024471     0.032049
   2459940.416042     1.076828     1.106193     0.024471     0.029365
   2459940.425764     1.101005     1.097161     0.024471    -0.003844
   2459940.435486     1.125827     1.111866     0.024471    -0.013961
   2459940.445208     1.150792     1.130641     0.024471    -0.020151
   2459940.454931     1.176630     1.181149     0.024471     0.004519
   2459940.464653     1.201692     1.208392     0.024471     0.006700
   2459940.474375     1.226764     1.208100     0.024471    -0.018664
   2459940.484097     1.251310     1.268749     0.024471     0.017439
   2459940.493819     1.275076     1.285444     0.024471     0.010368
   2459940.503542     1.297950     1.314468     0.024471     0.016518
   2459940.513264     1.319128     1.312456     0.024471    -0.006672
   2459940.522986     1.339321     1.349149     0.024471     0.009828
   2459940.532708     1.358195     1.366471     0.024471     0.008276
   2459940.542431     1.375112     1.348057     0.024471    -0.027055
   2459940.552153     1.390341     1.380228     0.024471    -0.010113
   2459940.561875     1.404335     1.395105     0.024471    -0.009230
   2459940.571597     1.415857     1.412302     0.024471    -0.003555
   2459940.581319     1.425124     1.406358     0.024471    -0.018766
   2459940.591042     1.432840     1.470570     0.024471     0.037730
   2459940.600764     1.438662     1.423646     0.024471    -0.015016
   2459940.610486     1.441702     1.485321     0.024471     0.043619
   2459940.620208     1.442377     1.414593     0.024471    -0.027784
   2459940.629931     1.440798     1.441074     0.024471     0.000276
   2459940.639653     1.437453     1.434324     0.024471    -0.003129
   2459940.649375     1.432028     1.411602     0.024471    -0.020426
   2459940.659097     1.424224     1.396911     0.024471    -0.027313
   2459940.668819     1.414048     1.413195     0.024471    -0.000853
   2459940.678542     1.402158     1.392715     0.024471    -0.009443
   2459940.688264     1.387787     1.394901     0.024471     0.007114
   2459940.716181     1.337188     1.328117     0.024471    -0.009071
   2459940.726597     1.314414     1.352410     0.024471     0.037996
   2459940.737014     1.289456     1.312403     0.024471     0.022947
   2459940.747431     1.264158     1.237361     0.024471    -0.026797
   2459940.757847     1.236820     1.219952     0.024471    -0.016868
   2459940.768264     1.208412     1.179026     0.024471    -0.029386
   2459940.778681     1.178222     1.186625     0.024471     0.008403
   2459940.789097     1.148136     1.114681     0.024471    -0.033455
   2459940.799514     1.116978     1.157958     0.024471     0.040980
   2459940.809931     1.085424     1.103133     0.024471     0.017709
   2459940.820347     1.053687     1.011613     0.024471    -0.042074
   2459940.830764     1.022439     0.998375     0.024471    -0.024064
   2459940.841181     0.990756     0.983913     0.024471    -0.006843
   2459940.851597     0.959904     0.947406     0.024471    -0.012498
   2459940.862014     0.929855     0.887684     0.024471    -0.042171
   2459940.872431     0.900331     0.878208     0.024471    -0.022123
   2459940.882847     0.871997     0.849443     0.024471    -0.022554
   2459940.893264     0.844953     0.832085     0.024471    -0.012868
   2459940.903681     0.819227     0.818977     0.024471    -0.000250
   2459940.914097     0.795094     0.801836     0.024471     0.006742
   2459940.924514     0.772638     0.758987     0.024471    -0.013651
   2459940.934931     0.751430     0.746350     0.024471    -0.005080
   2459940.945347     0.732242     0.752053     0.024471     0.019811
   2459940.955764     0.714734     0.716336     0.024471     0.001602
   2459940.966181     0.698700     0.700323     0.024471     0.001623
   2459940.976597     0.684854     0.685299     0.024471     0.000445
   2459940.987014     0.672234     0.650746     0.024471    -0.021488
   2459940.997431     0.661315     0.642186     0.024471    -0.019129
   2459941.007847     0.652203     0.651570     0.024471    -0.000633
   2459941.018264     0.644586     0.639359     0.024471    -0.005227
   2459941.028681     0.638162     0.620422     0.024471    -0.017740
   2459941.039097     0.633379     0.605911     0.024471    -0.027468
   2459941.049514     0.629788     0.642047     0.024471     0.012259
   2459941.059931     0.627645     0.612049     0.024471    -0.015596
   2459941.070347     0.626691     0.647663     0.024471     0.020972
   2459941.080764     0.626971     0.658763     0.024471     0.031792
   2459941.091181     0.628212     0.633331     0.024471     0.005119
   2459941.101597     0.630447     0.573655     0.024471    -0.056792
   2459941.112014     0.633989     0.670513     0.024471     0.036524
   2459941.122431     0.638481     0.614585     0.024471    -0.023896
   2459941.132847     0.643771     0.633715     0.024471    -0.010056
   2459941.143264     0.650164     0.673007     0.024471     0.022843
   2459941.153681     0.657378     0.693597     0.024471     0.036219
   2459941.164097     0.665492     0.646293     0.024471    -0.019199
   2459941.174514     0.674702     0.709270     0.024471     0.034568
   2459941.184931     0.684724     0.701910     0.024471     0.017186
   2459941.195347     0.695429     0.689154     0.024471    -0.006275
   2459941.205764     0.706929     0.700042     0.024471    -0.006887
   2459941.216181     0.719379     0.689542     0.024471    -0.029837
   2459941.226597     0.732489     0.771896     0.024471     0.039407
   2459941.237014     0.746072     0.745252     0.024471    -0.000820
   2459941.247431     0.760503     0.763243     0.024471     0.002740
   2459941.257847     0.775448     0.805875     0.024471     0.030427
   2459941.268264     0.790698     0.807765     0.024471     0.017067
   2459941.278681     0.806648     0.797536     0.024471    -0.009112
   2459941.289097     0.822769     0.872058     0.024471     0.049289
   2459941.299514     0.838961     0.836940     0.024471    -0.002021
   2459941.309931     0.855378     0.897207     0.024471     0.041829
   2459941.320347     0.871695     0.877535     0.024471     0.005840
   2459941.330764     0.887911     0.879390     0.024471    -0.008521
   2459941.341181     0.903989     0.902821     0.024471    -0.001168
   2459941.351597     0.919575     0.962893     0.024471     0.043318
   2459941.362014     0.934495     0.914581     0.024471    -0.019914
   2459941.372431     0.949485     0.954094     0.024471     0.004609
   2459941.382847     0.962912     0.910976     0.024471    -0.051936
   2459941.393264     0.976097     1.027264     0.024471     0.051167
   2459941.403681     0.988268     0.962256     0.024471    -0.026012
   2459941.414097     0.999324     1.017475     0.024471     0.018151
   2459941.424514     1.009139     1.015852     0.024471     0.006713
   2459941.434931     1.017989     1.017199     0.024471    -0.000790
   2459941.445347     1.025618     0.986089     0.024471    -0.039529
   2459941.455764     1.031590     1.057727     0.024471     0.026137
   2459941.466181     1.036412     1.080456     0.024471     0.044044
   2459941.476597     1.039565     1.068072     0.024471     0.028507
   2459941.487014     1.041533     1.060766     0.024471     0.019233
   2459941.497431     1.041835     1.062393     0.024471     0.020558
   2459941.507847     1.041079     1.017655     0.024471    -0.023424
   2459941.518264     1.038592     0.983201     0.024471    -0.055391
   2459941.528681     1.034639     1.045834     0.024471     0.011195
   2459941.539097     1.029355     1.014366     0.024471    -0.014989
   2459941.571736     1.004956     0.996905     0.024471    -0.008051
   2459941.579375     0.998046     1.028889     0.024471     0.030843
   2459941.587014     0.990329     0.950754     0.024471    -0.039575
   2459941.594653     0.982054     0.951129     0.024471    -0.030925
   2459941.602292     0.973933     0.988951     0.024471     0.015018
   2459941.609931     0.965088     0.930020     0.024471    -0.035068
   2459941.617569     0.955918     0.923917     0.024471    -0.032001
   2459941.625208     0.947100     0.954472     0.024471     0.007372
   2459941.632847     0.937668     0.927248     0.024471    -0.010420
   2459941.640486     0.928489     0.915608     0.024471    -0.012881
   2459941.648125     0.919460     0.954640     0.024471     0.035180
   2459941.655764     0.910266     0.902582     0.024471    -0.007684
   2459941.663403     0.901756     0.927153     0.024471     0.025397
   2459941.671042     0.893245     0.868120     0.024471    -0.025125
   2459941.678681     0.885296     0.925649     0.024471     0.040353
   2459941.686319     0.877852     0.870149     0.024471    -0.007703
   2459941.693958     0.870797     0.881860     0.024471     0.011063
   2459941.701597     0.864529     0.860148     0.024471    -0.004381
   2459941.709236     0.858732     0.906371     0.024471     0.047639
   2459941.716875     0.853777     0.844169     0.024471    -0.009608
   2459941.724514     0.849532     0.882107     0.024471     0.032575
   2459941.732153     0.846189     0.861560     0.024471     0.015371
   2459941.739792     0.843650     0.824176     0.024471    -0.019474
   2459941.747431     0.842120     0.853827     0.024471     0.011707
   2459941.755069     0.841417     0.823673     0.024471    -0.017744
   2459941.762708     0.841725     0.840918     0.024471    -0.000807
   2459941.770347     0.842954     0.852656     0.024471     0.009702
   2459941.777986     0.845153     0.822938     0.024471    -0.022215
   2459941.785625     0.848301     0.837169     0.024471    -0.011132
   2459941.793264     0.852404     0.860189     0.024471     0.007785
   2459941.800903     0.857405     0.832916     0.024471    -0.024489
   2459941.808542     0.863395     0.924833     0.024471     0.061438
   2459941.816181     0.870224     0.847306     0.024471    -0.022918
   2459941.823819     0.877931     0.890220     0.024471     0.012289
   2459941.831458     0.886365     0.861257     0.024471    -0.025108
   2459941.839097     0.895664     0.924498     0.024471     0.028834
   2459941.846736     0.905447     0.928172     0.024471     0.022725
   2459941.854375     0.916263     0.907552     0.024471    -0.008711
   2459941.862014     0.927423     0.944029     0.024471     0.016606
   2459941.869653     0.939309     0.911126     0.024471    -0.028183
   2459941.877292     0.951630     0.952978     0.024471     0.001348
   2459941.884931     0.964588     0.958029     0.024471    -0.006559
   2459941.892569     0.977837     0.962145     0.024471    -0.015692
   2459941.900208     0.991491     0.946961     0.024471    -0.044530
   2459941.907847     1.005705     1.020741     0.024471     0.015036
   2459941.915486     1.020044     1.017293     0.024471    -0.002751
   2459941.923125     1.034596     1.045709     0.024471     0.011113
   2459941.930764     1.049139     1.027506     0.024471    -0.021633
   2459941.938403     1.064044     1.073962     0.024471     0.009918
   2459941.946042     1.078800     1.110557     0.024471     0.031757
   2459941.953681     1.093760     1.089722     0.024471    -0.004038
   2459941.961319     1.108545     1.119341     0.024471     0.010796
   2459941.968958     1.123260     1.111935     0.024471    -0.011325
   2459941.976597     1.138126     1.178316     0.024471     0.040190
   2459941.984236     1.152794     1.149751     0.024471    -0.003043
   2459941.991875     1.167260     1.131097     0.024471    -0.036163
   2459941.999514     1.181274     1.169090     0.024471    -0.012184
   2459942.007153     1.194919     1.191155     0.024471    -0.003764
   2459942.014792     1.208608     1.205157     0.024471    -0.003451
   2459942.022431     1.222140     1.214086     0.024471    -0.008054
   2459942.030069     1.235538     1.252548     0.024471     0.017010
   2459942.037708     1.248256     1.278513     0.024471     0.030257
   2459942.045347     1.260162     1.289477     0.024471     0.029315
   2459942.052986     1.272262     1.261340     0.024471    -0.010922
   2459942.060625     1.283338     1.276673     0.024471    -0.006665
   2459942.068264     1.293919     1.294353     0.024471     0.000434
   2459942.075903     1.304457     1.285316     0.024471    -0.019141
   2459942.083542     1.313888     1.285904     0.024471    -0.027984
   2459942.091181     1.323065     1.294059     0.024471    -0.029006
   2459942.098819     1.331751     1.376643     0.024471     0.044892
   2459942.123194     1.354498     1.354508     0.024471     0.000010
   2459942.131528     1.360659     1.374374     0.024471     0.013715
   2459942.139861     1.365771     1.370763     0.024471     0.004992
   2459942.148194     1.369882     1.365897     0.024471    -0.003985
   2459942.156528     1.373302     1.387730     0.024471     0.014428
   2459942.164861     1.375723     1.325888     0.024471    -0.049835
   2459942.173194     1.377073     1.386584     0.024471     0.009511
   2459942.181528     1.377603     1.365760     0.024471    -0.011843
   2459942.189861     1.376860     1.404622     0.024471     0.027762
   2459942.198194     1.375100     1.408130     0.024471     0.033030
   2459942.206528     1.372161     1.393496     0.024471     0.021335
   2459942.214861     1.368463     1.380407     0.024471     0.011944
   2459942.223194     1.363613     1.367650     0.024471     0.004037
   2459942.231528     1.357721     1.370151     0.024471     0.012430
   2459942.239861     1.350633     1.346866     0.024471    -0.003767
   2459942.248194     1.342337     1.339116     0.024471    -0.003221
   2459942.256528     1.332920     1.340002     0.024471     0.007082
   2459942.264861     1.322423     1.300223     0.024471    -0.022200
   2459942.273194     1.310715     1.299439     0.024471    -0.011276
   2459942.281528     1.298097     1.287760     0.024471    -0.010337
   2459942.289861     1.284719     1.312238     0.024471     0.027519
   2459942.298194     1.270509     1.298930     0.024471     0.028421
   2459942.306528     1.255381     1.278951     0.024471     0.023570
   2459942.314861     1.239268     1.247612     0.024471     0.008344
   2459942.323194     1.222298     1.230777     0.024471     0.008479
   2459942.331528     1.204786     1.223097     0.024471     0.018311
   2459942.339861     1.186685     1.235265     0.024471     0.048580
   2459942.348194     1.167539     1.154781     0.024471    -0.012758
   2459942.356528     1.147795     1.096755     0.024471    -0.051040
   2459942.364861     1.128295     1.138837     0.024471     0.010542
   2459942.373194     1.108356     1.137505     0.024471     0.029149
   2459942.381528     1.088640     1.075895     0.024471    -0.012745
   2459942.389861     1.068487     1.098082     0.024471     0.029595
   2459942.398194     1.047912     1.071911     0.024471     0.023999
   2459942.406528     1.028426     1.027389     0.024471    -0.001037
   2459942.414861     1.009182     1.056993     0.024471     0.047811
   2459942.423194     0.990363     0.968914     0.024471    -0.021449
   2459942.431528     0.971647     1.031478     0.024471     0.059831
   2459942.439861     0.954473     0.911336     0.024471    -0.043137
   2459942.448194     0.937917     0.985378     0.024471     0.047461
   2459942.456528     0.922065     0.933490     0.024471     0.011425
   2459942.464861     0.907495     0.949058     0.024471     0.041563
   2459942.473194     0.894384     0.925711     0.024471     0.031327
   2459942.481528     0.881951     0.847592     0.024471    -0.034359
   2459942.489861     0.871275     0.884486     0.024471     0.013211
   2459942.498194     0.861788     0.842217     0.024471    -0.019571
   2459942.506528     0.853600     0.904269     0.024471     0.050669
   2459942.514861     0.847265     0.862300     0.024471     0.015035
   2459942.523194     0.842293     0.846624     0.024471     0.004331
   2459942.531528     0.838234     0.806872     0.024471    -0.031362
   2459942.539861     0.836220     0.818143     0.024471    -0.018077
   2459942.548194     0.834949     0.864418     0.024471     0.029469
   2459942.556528     0.835408     0.876254     0.024471     0.040846
   2459942.564861     0.836981     0.844902     0.024471     0.007921
   2459942.573194     0.839601     0.828753     0.024471    -0.010848
   2459942.581528     0.843688     0.820611     0.024471    -0.023077
   2459942.589861     0.848266     0.833400     0.024471    -0.014866
   2459942.598194     0.854035     0.873053     0.024471     0.019018
   2459942.606528     0.860602     0.861711     0.024471     0.001109
   2459942.614861     0.867598     0.867478     0.024471    -0.000120
   2459942.623194     0.875326     0.838693     0.024471    -0.036633
   2459942.631528     0.883639     0.909651     0.024471     0.026012
   2459942.639861     0.892068     0.900709     0.024471     0.008641
   2459942.648194     0.900716     0.867118     0.024471    -0.033598
   2459942.656528     0.909469     0.969047     0.024471     0.059578
   2459942.664861     0.918253     0.908014     0.024471    -0.010239
   2459942.673194     0.926881     0.897138     0.024471    -0.029743
   2459942.681528     0.934970     0.966743     0.024471     0.031773
   2459942.689861     0.942747     0.972770     0.024471     0.030023
   2459942.698194     0.949924     0.934306     0.024471    -0.015618
   2459942.706528     0.956065     0.915243     0.024471    -0.040822
   2459942.714861     0.962411     0.964818     0.024471     0.002407
   2459942.723194     0.967553     0.962894     0.024471    -0.004659
   2459942.731528     0.971967     0.956365     0.024471    -0.015602
   2459942.739861     0.974959     0.977388     0.024471     0.002429
   2459942.748194     0.977231     1.021345     0.024471     0.044114
   2459942.756528     0.978447     1.014584     0.024471     0.036137
   2459942.764861     0.978190     0.968989     0.024471    -0.009201
   2459942.773194     0.977293     0.968703     0.024471    -0.008590
   2459942.781528     0.974667     0.950960     0.024471    -0.023707
   2459942.789861     0.971119     0.974265     0.024471     0.003146
   2459942.798194     0.966356     0.980778     0.024471     0.014422
   2459942.806528     0.960201     0.928596     0.024471    -0.031605
   2459942.814861     0.953228     0.965002     0.024471     0.011774
   2459942.823194     0.945199     0.938041     0.024471    -0.007158
   2459942.831528     0.935964     0.893772     0.024471    -0.042192
   2459942.839861     0.925811     0.950269     0.024471     0.024458
   2459942.848194     0.914748     0.924545     0.024471     0.009797
   2459942.856528     0.902928     0.920369     0.024471     0.017441
   2459942.864861     0.890535     0.836957     0.024471    -0.053578
