   2459939.649028     1.364211     1.362750     0.008157    -0.001461
   2459939.658056     1.312675     1.315514     0.008157     0.002839
   2459939.667083     1.286267     1.292001     0.008157     0.005734
   2459939.676111     1.258779     1.249231     0.008157    -0.009548
   2459939.685139     1.229886     1.228661     0.008157    -0.001225
   2459939.694167     1.200017     1.181697     0.008157    -0.018320
   2459939.703194     1.168939     1.164115     0.008157    -0.004824
   2459939.712222     1.136279     1.136426     0.008157     0.000147
   2459939.721250     1.104057     1.094034     0.008157    -0.010023
   2459939.730278     1.071261     1.079410     0.008157     0.008149
   2459939.739306     1.038424     1.031126     0.008157    -0.007298
   2459939.748333     1.005177     1.002652     0.008157    -0.002525
   2459939.757361     0.973284     0.975590     0.008157     0.002306
   2459939.766389     0.942089     0.929582     0.008157    -0.012507
   2459939.775417     0.911730     0.905143     0.008157    -0.006587
   2459939.784444     0.883193     0.900915     0.008157     0.017722
   2459939.793472     0.856495     0.861865     0.008157     0.005370
   2459939.802500     0.831412     0.847086     0.008157     0.015674
   2459939.811528     0.808998     0.809472     0.008157     0.000474
   2459939.820556     0.789009     0.783744     0.008157    -0.005265
   2459939.829583     0.771286     0.763407     0.008157    -0.007879
   2459939.838611     0.756965     0.764758     0.008157     0.007793
   2459939.847639     0.745131     0.734471     0.008157    -0.010660
   2459939.856667     0.736197     0.728221     0.008157    -0.007976
   2459939.865694     0.729932     0.716981     0.008157    -0.012951
   2459939.874722     0.726631     0.716800     0.008157    -0.009831
   2459939.883750     0.725780     0.731073     0.008157     0.005293
   2459939.892778     0.727520     0.719938     0.008157    -0.007582
   2459939.901806     0.731632     0.718064     0.008157    -0.013568
   2459939.910833     0.737952     0.728167     0.008157    -0.009785
   2459939.919861     0.746447     0.747024     0.008157     0.000577
   2459939.928889     0.756384     0.748291     0.008157    -0.008093
   2459939.937917     0.768419     0.764048     0.008157    -0.004371
   2459939.946944     0.781499     0.786275     0.008157     0.004776
   2459939.955972     0.795896     0.789252     0.008157    -0.006644
   2459939.965000     0.810957     0.818181     0.008157     0.007224
   2459939.974028     0.827329     0.821452     0.008157    -0.005877
   2459939.983056     0.843850     0.833768     0.008157    -0.010082
   2459939.992083     0.860631     0.862511     0.008157     0.001880
   2459940.001111     0.877163     0.873666     0.008157    -0.003497
   2459940.010139     0.893742     0.903976     0.008157     0.010234
   2459940.019167     0.909252     0.909013     0.008157    -0.000239
   2459940.028194     0.925533     0.917411     0.008157    -0.008122
   2459940.037222     0.940286     0.918757     0.008157    -0.021529
   2459940.046250     0.954330     0.948514     0.008157    -0.005816
   2459940.055278     0.966937     0.977288     0.008157     0.010351
   2459940.064306     0.978469     0.985535     0.008157     0.007066
   2459940.073333     0.988936     0.987701     0.008157    -0.001235
   2459940.082361     0.997579     0.992421     0.008157    -0.005158
   2459940.091389     1.005084     1.005409     0.008157     0.000325
   2459940.114653     1.017520     1.019428     0.008157     0.001908
   2459940.124375     1.019829     1.020961     0.008157     0.001132
   2459940.134097     1.020436     1.004035     0.008157    -0.016401
   2459940.143819     1.019167     1.015370     0.008157    -0.003797
   2459940.153542     1.016385     1.020214     0.008157     0.003829
   2459940.163264     1.012421     1.023992     0.008157     0.011571
   2459940.172986     1.006933     0.990392     0.008157    -0.016541
   2459940.182708     1.000280     0.998448     0.008157    -0.001832
   2459940.192431     0.992963     0.984440     0.008157    -0.008523
   2459940.202153     0.984646     0.992637     0.008157     0.007991
   2459940.211875     0.976078     0.978705     0.008157     0.002627
   2459940.221597     0.967122     0.976308     0.008157     0.009186
   2459940.231319     0.958073     0.958017     0.008157    -0.000056
   2459940.241042     0.948689     0.951516     0.008157     0.002827
   2459940.250764     0.941246     0.929992     0.008157    -0.011254
   2459940.260486     0.934110     0.930563     0.008157    -0.003547
   2459940.270208     0.927992     0.923580     0.008157    -0.004412
   2459940.279931     0.923015     0.922046     0.008157    -0.000969
   2459940.289653     0.920499     0.920855     0.008157     0.000356
   2459940.299375     0.919288     0.913561     0.008157    -0.005727
   2459940.309097     0.920365     0.915617     0.008157    -0.004748
   2459940.318819     0.923544     0.904928     0.008157    -0.018616
   2459940.328542     0.929297     0.935188     0.008157     0.005891
   2459940.338264     0.937105     0.948635     0.008157     0.011530
   2459940.347986     0.947624     0.944666     0.008157    -0.002958
   2459940.357708     0.960250     0.947713     0.008157    -0.012537
   2459940.367431     0.975042     0.971797     0.008157    -0.003245
   2459940.377153     0.991976     1.003001     0.008157     0.011025
   2459940.386875     1.011060     1.014336     0.008157     0.003276
   2459940.396597     1.031569     1.017817     0.008157    -0.013752
   2459940.406319     1.053839     1.041591     0.008157    -0.012248
   2459940.416042     1.076828     1.083661     0.008157     0.006833
   2459940.425764     1.101005     1.104636     0.008157     0.003631
   2459940.435486     1.125827     1.121999     0.008157    -0.003828
   2459940.445208     1.150792     1.154340     0.008157     0.003548
   2459940.454931     1.176630     1.174355     0.008157    -0.002275
   2459940.464653     1.201692     1.202386     0.008157     0.000694
   2459940.474375     1.226764     1.228391     0.008157     0.001627
   2459940.484097     1.251310     1.254584     0.008157     0.003274
   2459940.493819     1.275076     1.274226     0.008157    -0.000850
   2459940.503542     1.297950     1.297903     0.008157    -0.000047
   2459940.513264     1.319128     1.313754     0.008157    -0.005374
   2459940.522986     1.339321     1.333057     0.008157    -0.006264
   2459940.532708     1.358195     1.351193     0.008157    -0.007002
   2459940.542431     1.375112     1.369281     0.008157    -0.005831
   2459940.552153     1.390341     1.394380     0.008157     0.004039
   2459940.561875     1.404335     1.407184     0.008157     0.002849
   2459940.571597     1.415857     1.412703     0.008157    -0.003154
   2459940.581319     1.425124     1.418687     0.008157    -0.006437
   2459940.591042     1.432840     1.437976     0.008157     0.005136
   2459940.600764     1.438662     1.438053     0.008157    -0.000609
   2459940.610486     1.441702     1.454080     0.008157     0.012378
   2459940.620208     1.442377     1.459465     0.008157     0.017088
   2459940.629931     1.440798     1.439325     0.008157    -0.001473
   2459940.639653     1.437453     1.429991     0.008157    -0.007462
   2459940.649375     1.432028     1.437632     0.008157     0.005604
   2459940.659097     1.424224     1.414501     0.008157    -0.009723
   2459940.668819     1.414048     1.416431     0.008157     0.002383
   2459940.678542     1.402158     1.395873     0.008157    -0.006285
   2459940.688264     1.387787     1.385065     0.008157    -0.002722
   2459940.716181     1.337188     1.361081     0.008157     0.023893
   2459940.726597     1.314414     1.318035     0.008157     0.003621
   2459940.737014     1.289456     1.292792     0.008157     0.003336
   2459940.747431     1.264158     1.271172     0.008157     0.007014
   2459940.757847     1.236820     1.238847     0.008157     0.002027
   2459940.768264     1.208412     1.205660     0.008157    -0.002752
   2459940.778681     1.178222     1.170629     0.008157    -0.007593
   2459940.789097     1.148136     1.144039     0.008157    -0.004097
   2459940.799514     1.116978     1.108843     0.008157    -0.008135
   2459940.809931     1.085424     1.087881     0.008157     0.002457
   2459940.820347     1.053687     1.053987     0.008157     0.000300
   2459940.830764     1.022439     1.015088     0.008157    -0.007351
   2459940.841181     0.990756     0.989698     0.008157    -0.001058
   2459940.851597     0.959904     0.951835     0.008157    -0.008069
   2459940.862014     0.929855     0.911953     0.008157    -0.017902
   2459940.872431     0.900331     0.897450     0.008157    -0.002881
   2459940.882847     0.871997     0.882816     0.008157     0.010819
   2459940.893264     0.844953     0.861910     0.008157     0.016957
   2459940.903681     0.819227     0.822345     0.008157     0.003118
   2459940.914097     0.795094     0.778808     0.008157    -0.016286
   2459940.924514     0.772638     0.758445     0.008157    -0.014193
   2459940.934931     0.751430     0.750232     0.008157    -0.001198
   2459940.945347     0.732242     0.734466     0.008157     0.002224
   2459940.955764     0.714734     0.723257     0.008157     0.008523
   2459940.966181     0.698700     0.704717     0.008157     0.006017
   2459940.976597     0.684854     0.681381     0.008157    -0.003473
   2459940.987014     0.672234     0.655126     0.008157    -0.017108
   2459940.997431     0.661315     0.673104     0.008157     0.011789
   2459941.007847     0.652203     0.648166     0.008157    -0.004037
   2459941.018264     0.644586     0.641879     0.008157    -0.002707
   2459941.028681     0.638162     0.631344     0.008157    -0.006818
   2459941.039097     0.633379     0.632349     0.008157    -0.001030
   2459941.049514     0.629788     0.632463     0.008157     0.002675
   2459941.059931     0.627645     0.633518     0.008157     0.005873
   2459941.070347     0.626691     0.634520     0.008157     0.007829
   2459941.080764     0.626971     0.619367     0.008157    -0.007604
   2459941.091181     0.628212     0.617527     0.008157    -0.010685
   2459941.101597     0.630447     0.638338     0.008157     0.007891
   2459941.112014     0.633989     0.638695     0.008157     0.004706
   2459941.122431     0.638481     0.638029     0.008157    -0.000452
   2459941.132847     0.643771     0.637405     0.008157    -0.006366
   2459941.143264     0.650164     0.646031     0.008157    -0.004133
   2459941.153681     0.657378     0.657765     0.008157     0.000387
   2459941.164097     0.665492     0.657632     0.008157    -0.007860
   2459941.174514     0.674702     0.667979     0.008157    -0.006723
   2459941.184931     0.684724     0.679691     0.008157    -0.005033
   2459941.195347     0.695429     0.696627     0.008157     0.001198
   2459941.205764     0.706929     0.714995     0.008157     0.008066
   2459941.216181     0.719379     0.707730     0.008157    -0.011649
   2459941.226597     0.732489     0.728289     0.008157    -0.004200
   2459941.237014     0.746072     0.757313     0.008157     0.011241
   2459941.247431     0.760503     0.755052     0.008157    -0.005451
   2459941.257847     0.775448     0.775800     0.008157     0.000352
   2459941.268264     0.790698     0.789935     0.008157    -0.000763
   2459941.278681     0.806648     0.805153     0.008157    -0.001495
   2459941.289097     0.822769     0.813164     0.008157    -0.009605
   2459941.299514     0.838961     0.836139     0.008157    -0.002822
   2459941.309931     0.855378     0.863331     0.008157     0.007953
   2459941.320347     0.871695     0.875123     0.008157     0.003428
   2459941.330764     0.887911     0.886468     0.008157    -0.001443
   2459941.341181     0.903989     0.887206     0.008157    -0.016783
   2459941.351597     0.919575     0.924796     0.008157     0.005221
   2459941.362014     0.934495     0.924872     0.008157    -0.009623
   2459941.372431     0.949485     0.954897     0.008157     0.005412
   2459941.382847     0.962912     0.959508     0.008157    -0.003404
   2459941.393264     0.976097     0.984844     0.008157     0.008747
   2459941.403681     0.988268     0.976821     0.008157    -0.011447
   2459941.414097     0.999324     0.999568     0.008157     0.000244
   2459941.424514     1.009139     1.015544     0.008157     0.006405
   2459941.434931     1.017989     1.015073     0.008157    -0.002916
   2459941.445347     1.025618     1.022312     0.008157    -0.003306
   2459941.455764     1.031590     1.025268     0.008157    -0.006322
   2459941.466181     1.036412     1.040158     0.008157     0.003746
   2459941.476597     1.039565     1.057334     0.008157     0.017769
   2459941.487014     1.041533     1.049080     0.008157     0.007547
   2459941.497431     1.041835     1.042261     0.008157     0.000426
   2459941.507847     1.041079     1.050905     0.008157     0.009826
   2459941.518264     1.038592     1.029693     0.008157    -0.008899
   2459941.528681     1.034639     1.025123     0.008157    -0.009516
   2459941.539097     1.029355     1.017790     0.008157    -0.011565
   2459941.571736     1.004956     0.995917     0.008157    -0.009039
   2459941.579375     0.998046     0.999616     0.008157     0.001570
   2459941.587014     0.990329     0.993626     0.008157     0.003297
   2459941.594653     0.982054     0.979919     0.008157    -0.002135
   2459941.602292     0.973933     0.965028     0.008157    -0.008905
   2459941.609931     0.965088     0.963557     0.008157    -0.001531
   2459941.617569     0.955918     0.952685     0.008157    -0.003233
   2459941.625208     0.947100     0.958048     0.008157     0.010948
   2459941.632847     0.937668     0.936317     0.008157    -0.001351
   2459941.640486     0.928489     0.933158     0.008157     0.004669
   2459941.648125     0.919460     0.928059     0.008157     0.008599
   2459941.655764     0.910266     0.910134     0.008157    -0.000132
   2459941.663403     0.901756     0.910534     0.008157     0.008778
   2459941.671042     0.893245     0.883275     0.008157    -0.009970
   2459941.678681     0.885296     0.883328     0.008157    -0.001968
   2459941.686319     0.877852     0.875184     0.008157    -0.002668
   2459941.693958     0.870797     0.877842     0.008157     0.007045
   2459941.701597     0.864529     0.853345     0.008157    -0.011184
   2459941.709236     0.858732     0.859114     0.008157     0.000382
   2459941.716875     0.853777     0.850445     0.008157    -0.003332
   2459941.724514     0.849532     0.837124     0.008157    -0.012408
   2459941.732153     0.846189     0.842169     0.008157    -0.004020
   2459941.739792     0.843650     0.843703     0.008157     0.000053
   2459941.747431     0.842120     0.851565     0.008157     0.009445
   2459941.755069     0.841417     0.848766     0.008157     0.007349
   2459941.762708     0.841725     0.829684     0.008157    -0.012041
   2459941.770347     0.842954     0.858734     0.008157     0.015780
   2459941.777986     0.845153     0.826365     0.008157    -0.018788
   2459941.785625     0.848301     0.846369     0.008157    -0.001932
   2459941.793264     0.852404     0.850910     0.008157    -0.001494
   2459941.800903     0.857405     0.847361     0.008157    -0.010044
   2459941.808542     0.863395     0.859372     0.008157    -0.004023
   2459941.816181     0.870224     0.869694     0.008157    -0.000530
   2459941.823819     0.877931     0.879152     0.008157     0.001221
   2459941.831458     0.886365     0.900416     0.008157     0.014051
   2459941.839097     0.895664     0.890206     0.008157    -0.005458
   2459941.846736     0.905447     0.913147     0.008157     0.007700
   2459941.854375     0.916263     0.918594     0.008157     0.002331
   2459941.862014     0.927423     0.926581     0.008157    -0.000842
   2459941.869653     0.939309     0.943045     0.008157     0.003736
   2459941.877292     0.951630     0.949464     0.008157    -0.002166
   2459941.884931     0.964588     0.970825     0.008157     0.006237
   2459941.892569     0.977837     0.961413     0.008157    -0.016424
   2459941.900208     0.991491     1.004500     0.008157     0.013009
   2459941.907847     1.005705     1.004189     0.008157    -0.001516
   2459941.915486     1.020044     1.025404     0.008157     0.005360
   2459941.923125     1.034596     1.033544     0.008157    -0.001052
   2459941.930764     1.049139     1.047998     0.008157    -0.001141
   2459941.938403     1.064044     1.057509     0.008157    -0.006535
   2459941.946042     1.078800     1.080028     0.008157     0.001228
   2459941.953681     1.093760     1.091584     0.008157    -0.002176
   2459941.961319     1.108545     1.120865     0.008157     0.012320
   2459941.968958     1.123260     1.124747     0.008157     0.001487
   2459941.976597     1.138126     1.141609     0.008157     0.003483
   2459941.984236     1.152794     1.155512     0.008157     0.002718
   2459941.991875     1.167260     1.171495     0.008157     0.004235
   2459941.999514     1.181274     1.180831     0.008157    -0.000443
   2459942.007153     1.194919     1.194615     0.008157    -0.000304
   2459942.014792     1.208608     1.211858     0.008157     0.003250
   2459942.022431     1.222140     1.206845     0.008157    -0.015295
   2459942.030069     1.235538     1.224100     0.008157    -0.011438
   2459942.037708     1.248256     1.249422     0.008157     0.001166
   2459942.045347     1.260162     1.252697     0.008157    -0.007465
   2459942.052986     1.272262     1.256196     0.008157    -0.016066
   2459942.060625     1.283338     1.289289     0.008157     0.005951
   2459942.068264     1.293919     1.302391     0.008157     0.008472
   2459942.075903     1.304457     1.299767     0.008157    -0.004690
   2459942.083542     1.313888     1.311389     0.008157    -0.002499
   2459942.091181     1.323065     1.318065     0.008157    -0.005000
   2459942.098819     1.331751     1.340171     0.008157     0.008420
   2459942.123194     1.354498     1.357599     0.008157     0.003101
   2459942.131528     1.360659     1.355127     0.008157    -0.005532
   2459942.139861     1.365771     1.372194     0.008157     0.006423
   2459942.148194     1.369882     1.386349     0.008157     0.016467
   2459942.156528     1.373302     1.369015     0.008157    -0.004287
   2459942.164861     1.375723     1.385331     0.008157     0.009608
   2459942.173194     1.377073     1.363341     0.008157    -0.013732
   2459942.181528     1.377603     1.370588     0.008157    -0.007015
   2459942.189861     1.376860     1.380904     0.008157     0.004044
   2459942.198194     1.375100     1.377653     0.008157     0.002553
   2459942.206528     1.372161     1.367557     0.008157    -0.004604
   2459942.214861     1.368463     1.369857     0.008157     0.001394
   2459942.223194     1.363613     1.351833     0.008157    -0.011780
   2459942.231528     1.357721     1.349894     0.008157    -0.007827
   2459942.239861     1.350633     1.345390     0.008157    -0.005243
   2459942.248194     1.342337     1.345311     0.008157     0.002974
   2459942.256528     1.332920     1.332631     0.008157    -0.000289
   2459942.264861     1.322423     1.330686     0.008157     0.008263
   2459942.273194     1.310715     1.307362     0.008157    -0.003353
   2459942.281528     1.298097     1.295655     0.008157    -0.002442
   2459942.289861     1.284719     1.287832     0.008157     0.003113
   2459942.298194     1.270509     1.262389     0.008157    -0.008120
   2459942.306528     1.255381     1.261646     0.008157     0.006265
   2459942.314861     1.239268     1.237283     0.008157    -0.001985
   2459942.323194     1.222298     1.216537     0.008157    -0.005761
   2459942.331528     1.204786     1.201257     0.008157    -0.003529
   2459942.339861     1.186685     1.175230     0.008157    -0.011455
   2459942.348194     1.167539     1.169326     0.008157     0.001787
   2459942.356528     1.147795     1.164344     0.008157     0.016549
   2459942.364861     1.128295     1.143437     0.008157     0.015142
   2459942.373194     1.108356     1.111303     0.008157     0.002947
   2459942.381528     1.088640     1.092692     0.008157     0.004052
   2459942.389861     1.068487     1.070597     0.008157     0.002110
   2459942.398194     1.047912     1.047767     0.008157    -0.000145
   2459942.406528     1.028426     1.027542     0.008157    -0.000884
   2459942.414861     1.009182     1.016452     0.008157     0.007270
   2459942.423194     0.990363     0.997301     0.008157     0.006938
   2459942.431528     0.971647     0.992746     0.008157     0.021099
   2459942.439861     0.954473     0.954160     0.008157    -0.000313
   2459942.448194     0.937917     0.941253     0.008157     0.003336
   2459942.456528     0.922065     0.919212     0.008157    -0.002853
   2459942.464861     0.907495     0.900529     0.008157    -0.006966
   2459942.473194     0.894384     0.897960     0.008157     0.003576
   2459942.481528     0.881951     0.882008     0.008157     0.000057
   2459942.489861     0.871275     0.869659     0.008157    -0.001616
   2459942.498194     0.861788     0.861230     0.008157    -0.000558
   2459942.506528     0.853600     0.858150     0.008157     0.004550
   2459942.514861     0.847265     0.843407     0.008157    -0.003858
   2459942.523194     0.842293     0.840771     0.008157    -0.001522
   2459942.531528     0.838234     0.835412     0.008157    -0.002822
   2459942.539861     0.836220     0.827201     0.008157    -0.009019
   2459942.548194     0.834949     0.838377     0.008157     0.003428
   2459942.556528     0.835408     0.826804     0.008157    -0.008604
   2459942.564861     0.836981     0.841061     0.008157     0.004080
   2459942.573194     0.839601     0.844463     0.008157     0.004862
   2459942.581528     0.843688     0.844768     0.008157     0.001080
   2459942.589861     0.848266     0.856510     0.008157     0.008244
   2459942.598194     0.854035     0.852892     0.008157    -0.001143
   2459942.606528     0.860602     0.867358     0.008157     0.006756
   2459942.614861     0.867598     0.876972     0.008157     0.009374
   2459942.623194     0.875326     0.869253     0.008157    -0.006073
   2459942.631528     0.883639     0.881045     0.008157    -0.002594
   2459942.639861     0.892068     0.903655     0.008157     0.011587
   2459942.648194     0.900716     0.902933     0.008157     0.002217
   2459942.656528     0.909469     0.923519     0.008157     0.014050
   2459942.664861     0.918253     0.922040     0.008157     0.003787
   2459942.673194     0.926881     0.922153     0.008157    -0.004728
   2459942.681528     0.934970     0.928166     0.008157    -0.006804
   2459942.689861     0.942747     0.949802     0.008157     0.007055
   2459942.698194     0.949924     0.963944     0.008157     0.014020
   2459942.706528     0.956065     0.947689     0.008157    -0.008376
   2459942.714861     0.962411     0.963008     0.008157     0.000597
   2459942.723194     0.967553     0.980738     0.008157     0.013185
   2459942.731528     0.971967     0.972669     0.008157     0.000702
   2459942.739861     0.974959     0.985660     0.008157     0.010701
   2459942.748194     0.977231     0.979260     0.008157     0.002029
   2459942.756528     0.978447     0.973933     0.008157    -0.004514
   2459942.764861     0.978190     0.968874     0.008157    -0.009316
   2459942.773194     0.977293     0.965229     0.008157    -0.012064
   2459942.781528     0.974667     0.954667     0.008157    -0.020000
   2459942.789861     0.971119     0.960282     0.008157    -0.010837
   2459942.798194     0.966356     0.972553     0.008157     0.006197
   2459942.806528     0.960201     0.954454     0.008157    -0.005747
   2459942.814861     0.953228     0.940540     0.008157    -0.012688
   2459942.823194     0.945199     0.936423     0.008157    -0.008776
   2459942.831528     0.935964     0.921448     0.008157    -0.014516
   2459942.839861     0.925811     0.933675     0.008157     0.007864
   2459942.848194     0.914748     0.913651     0.008157    -0.001097
   2459942.856528     0.902928     0.915061     0.008157     0.012133
   2459942.864861     0.890535     0.894246     0.008157     0.003711
