Frequency Power
3.881401951959270735e-01 2.417216415059109114e-02
7.115903578591996625e-01 5.465807172891334886e-01
1.099730553055126681e+00 3.491877728186831842e-01
1.552560780783708294e+00 2.000441996535182176e-01
1.876010943446980939e+00 1.753539368181293023e-01
2.264151138642907846e+00 9.111136203624259355e-02
2.522911268773525784e+00 1.225942214283658876e-02
2.781671398904144166e+00 9.084761994612800332e-03
3.040431529034762104e+00 4.912836833203475251e-03
3.299191659165380042e+00 2.057534480554914363e-02
3.557951789295997980e+00 2.384726810054544916e-03
3.752021886893961877e+00 1.601951121135101628e-03
4.075472049557234300e+00 2.132407258170139139e-02
4.592992309818470176e+00 1.330000379285078841e-03
4.851752439949088114e+00 3.053985005507212254e-03
5.369272700210324878e+00 5.435289576866409941e-03
5.692722862873597300e+00 1.546543034954343289e-03
6.145553090602178692e+00 2.775048930420527093e-03
6.469003253265451114e+00 2.335228442429024363e-03
6.986523513526686990e+00 1.723349624621192547e-03
7.439353741255269270e+00 3.703005043943353395e-03
7.762803903918541693e+00 2.552281083150806113e-03
8.021564034049159631e+00 9.436074250872305592e-04
8.280324164179777569e+00 1.298229459283909652e-03
8.539084294310395506e+00 1.379517072944399570e-04
8.797844424441013444e+00 1.525593637660998874e-03
9.315364684702249320e+00 4.404276106831069102e-04
9.768194912430830712e+00 8.404180190254765094e-04
1.015633510762675762e+01 1.146287783122544634e-03
1.073854540042064976e+01 2.368275995524308803e-03
1.112668559561657666e+01 3.699621873461568424e-03
1.151482579081250357e+01 3.823129650859907183e-04
1.177358592094312151e+01 8.873903646930250461e-05
1.229110618120435738e+01 6.058521222199239999e-04
1.274393640893293878e+01 6.791569176529301931e-04
1.313207660412886568e+01 1.297295527068350295e-03
1.364959686439010156e+01 1.520450943573329727e-03
1.397304702705337398e+01 1.133775444427304507e-04
1.423180715718399192e+01 3.938915651181610343e-04
1.449056728731461163e+01 3.049231614556872742e-04
1.481401744997788406e+01 4.178870047380725430e-04
1.520215764517381096e+01 1.655955992722619790e-03
1.552560780783708339e+01 3.819105486548669891e-04
1.591374800303301029e+01 1.456542879276709942e-03
1.623719816569628094e+01 1.472756674468269408e-03
1.656064832835955514e+01 5.951932475253684119e-04
1.681940845849017308e+01 5.688921162518917806e-04
1.733692871875140895e+01 3.695992654879778710e-04
1.778975894647999212e+01 6.148958746516301624e-04
1.837196923927388070e+01 7.681542097607767326e-04
1.882479946700246387e+01 1.418555708724607593e-03
1.921293966219839078e+01 1.214993970291026277e-03
1.960107985739431768e+01 1.201146279333521532e-03
2.005391008512289730e+01 4.553931915602476535e-04
2.057143034538413318e+01 8.850350447848334473e-04
2.089488050804740737e+01 5.629836229217435655e-04
2.115364063817802531e+01 9.704073711260274599e-05
2.141240076830864325e+01 3.048188742584617347e-04
2.192992102856987913e+01 9.242687624461765148e-04
2.244744128883111500e+01 1.018530834618256147e-03
2.270620141896173294e+01 9.462008607307129549e-04
2.296496154909235088e+01 6.047425613356238348e-04
2.328841171175562508e+01 8.009809099448264840e-04
2.354717184188624302e+01 1.143476084219853355e-03
2.387062200454951366e+01 2.732046601684110757e-04
2.419407216721278786e+01 4.845330346733296007e-05
2.438814226481074954e+01 1.560156611531575747e-04
2.471159242747402374e+01 1.043684896244211242e-03
2.503504259013729794e+01 1.940801084472841239e-04
2.529380272026791587e+01 2.134675682228886714e-04
2.555256285039853381e+01 1.118184746962676106e-03
2.587601301306180446e+01 4.073224101714432522e-04
2.613477314319242240e+01 6.984882076919732502e-04
2.645822330585569659e+01 4.050935672391436015e-04
2.691105353358427621e+01 9.137705060767458863e-04
2.729919372878020312e+01 2.998586488599843660e-04
2.762264389144347732e+01 7.829311094735162463e-04
2.801078408663940422e+01 1.023476999050131845e-03
2.839892428183533113e+01 4.710339258058923858e-04
2.865768441196594907e+01 4.618880464028894315e-04
2.898113457462922327e+01 1.503450379032631162e-03
2.930458473729249391e+01 5.207671258802988026e-04
2.962803489995576811e+01 1.186671193244780674e-04
3.001617509515169502e+01 1.910237438203009699e-04
3.040431529034762193e+01 2.068929597333381276e-04
3.072776545301089257e+01 4.971211183981129279e-04
3.105121561567416677e+01 2.795478168915079952e-04
3.137466577833743742e+01 2.797292557954845571e-04
3.182749600606602058e+01 1.275075215877203780e-03
3.247439633139256188e+01 1.106573844910852672e-03
3.273315646152317981e+01 1.393626615585065421e-04
3.305660662418645757e+01 9.449483517494674774e-04
3.331536675431707550e+01 5.799659450869697647e-05
3.363881691698034615e+01 3.965367267978017513e-04
3.428571724230689455e+01 5.551661443959827504e-04
3.480323750256813042e+01 4.381541470134335515e-04
3.512668766523140107e+01 2.224442684206749828e-04
3.538544779536201901e+01 8.324724864168224102e-04
3.570889795802528965e+01 7.323483848777943101e-04
3.596765808815590759e+01 6.498885490063744828e-04
3.661455841348245599e+01 7.146143759192576626e-04
3.713207867374369187e+01 2.468280849270002085e-04
3.739083880387430980e+01 1.520833290016743882e-04
3.797304909666819839e+01 7.261301727171585703e-04
3.823180922679881633e+01 6.787275869256782605e-04
3.868463945452739949e+01 2.708639829142445014e-04
3.907277964972332285e+01 1.776225789862191044e-03
3.971967997504987125e+01 1.053499227920261065e-03
3.997844010518048918e+01 1.066506256854659771e-03
4.030189026784375983e+01 3.636578690863266454e-04
4.081941052810499571e+01 9.819646450920950769e-04
4.114286069076826635e+01 1.585762598961347209e-03
4.159569091849684952e+01 2.903996243840016372e-04
4.185445104862746746e+01 1.121763609861650343e-03
4.217790121129074521e+01 5.037005793840577039e-04
4.243666134142136315e+01 9.294189929727524144e-04
4.276011150408463379e+01 1.085949644341609047e-03
4.327763176434586967e+01 6.831928690061860217e-04
4.353639189447648761e+01 8.661062810508599443e-04
4.424798225233568871e+01 7.527631188489913470e-04
4.463612244753161207e+01 4.260707741859063192e-04
4.489488257766223001e+01 1.963501199284949962e-03
4.521833274032550065e+01 3.480655135725529157e-04
4.554178290298877840e+01 9.556810579857131279e-04
4.586523306565204905e+01 4.604181947002974245e-04
4.631806329338063222e+01 3.184051378957135229e-04
4.664151345604390286e+01 1.043663327181581157e-04
4.702965365123983332e+01 6.563088561556703173e-04
4.748248387896840939e+01 3.066173332532024540e-04
4.780593404163168714e+01 8.670605526068096052e-04
4.812938420429495778e+01 4.601968178093942706e-04
4.890566459468681160e+01 1.662319055832133722e-04
4.922911475735008224e+01 1.819023167189464600e-04
4.961725495254601270e+01 1.271638110804497153e-03
5.039353534293786652e+01 5.366000491454801444e-04
5.091105560319910239e+01 5.701681817701267484e-04
5.142857586346033827e+01 6.459270770233420476e-04
5.194609612372157414e+01 2.027729212275810461e-03
5.239892635145015731e+01 1.274568468759289426e-04
5.272237651411342796e+01 2.767950597183934064e-04
5.298113664424404590e+01 6.467307880013593510e-04
5.330458680690731654e+01 1.441253871673151389e-03
5.375741703463589971e+01 3.039438559001424135e-04
5.401617716476651765e+01 3.397676417865289652e-04
5.446900739249510082e+01 6.702543263577547417e-04
5.479245755515837146e+01 1.298055337248235955e-04
5.498652765275633669e+01 1.518820950380275173e-04
5.530997781541960734e+01 2.418403041160501344e-04
5.582749807568084321e+01 1.788528172611193354e-04
5.615094823834411386e+01 1.158153188047174060e-03
5.660377846607269703e+01 4.740911517066796602e-04
5.705660869380128020e+01 6.741796153074448720e-04
5.738005885646455084e+01 8.867015093427973700e-04
5.770350901912782149e+01 2.932715989480675798e-04
5.802695918179109924e+01 7.334032270164393772e-04
5.835040934445436989e+01 2.092572616585393645e-04
5.867385950711764053e+01 1.546456416826689898e-04
5.899730966978091828e+01 8.592802070681739403e-04
5.932075983244418893e+01 4.576857675873669787e-04
5.970890002764011228e+01 8.021096309563282688e-04
6.016173025536869545e+01 8.897782923674890827e-04
6.042049038549931339e+01 5.707911650234661011e-04
6.067925051562993133e+01 5.725526671002609258e-04
6.100270067829320197e+01 2.844895053197906971e-04
6.139084087348913243e+01 2.272854964362092285e-03
6.197305116628302102e+01 4.522859310392055542e-04
6.229650132894629877e+01 7.738239148116106674e-04
6.261995149160956942e+01 2.649873537417935638e-04
6.307278171933815258e+01 6.067959419179165276e-04
6.339623188200142323e+01 3.189276385154711946e-03
6.371968204466469388e+01 6.378969090870841409e-04
6.417251227239327704e+01 1.661838741737362403e-03
6.462534250012186021e+01 1.646298157018504513e-04
6.494879266278512375e+01 5.346446391203212543e-04
6.527224282544840150e+01 1.030153120528662803e-03
6.559569298811167926e+01 6.854852392058059882e-04
6.585445311824229009e+01 1.584298570538471870e-04
6.611321324837291513e+01 5.140723362775188724e-05
6.656604347610149830e+01 6.778991562890392553e-04
6.701887370383008147e+01 7.300164295771562886e-04
6.747170393155865042e+01 2.685479052852710654e-04
6.792453415928723359e+01 1.229388543375225335e-03
6.837736438701581676e+01 3.511336919076326973e-04
6.883019461474439993e+01 5.829714765776263744e-04
6.934771487500563580e+01 2.366925720052409329e-04
6.967116503766891356e+01 1.371403746054021230e-04
6.999461520033217710e+01 4.548281755934493976e-04
7.038275539552810756e+01 1.376146820712584014e-04
7.083558562325669072e+01 4.828025727146514770e-04
7.115903578591996848e+01 6.793512346080254113e-04
7.141779591605057931e+01 3.848857938383138896e-04
7.174124607871385706e+01 1.727698186974208907e-04
7.206469624137712060e+01 2.418758766929243493e-04
7.225876633897509294e+01 2.354024900808236948e-04
7.258221650163835648e+01 6.723759084323012924e-04
7.297035669683428694e+01 5.044042931075446009e-04
7.361725702216082823e+01 3.743371973257323369e-04
7.407008724988941140e+01 1.099531794042672922e-03
7.452291747761799456e+01 7.342489899422581122e-04
7.484636764028127232e+01 7.599376541780455269e-04
7.510512777041188315e+01 1.101714560183256664e-04
7.542857793307516090e+01 5.675985578677936226e-04
7.575202809573843865e+01 8.391434814671400134e-04
7.601078822586904948e+01 1.105504334930307276e-04
7.633423838853232724e+01 8.443314914677959616e-04
7.704582874639152124e+01 1.277257831531987756e-03
7.762803903918540982e+01 1.558259457681726709e-03
7.795148920184868757e+01 3.126484394616030186e-04
7.821024933197929840e+01 5.858265766664950578e-04
7.846900946210992345e+01 5.529473659097632401e-04
7.872776959224054849e+01 9.203180379030004472e-04
7.930997988503443707e+01 1.224881347065874017e-03
7.976281011276302024e+01 1.742847580286341607e-03
8.008626027542628378e+01 4.291867141973777452e-04
8.040971043808956153e+01 4.831092733491700801e-04
8.066847056822017237e+01 4.891804296052187787e-04
8.112130079594875554e+01 3.645016116834856948e-05
8.138006092607938058e+01 1.732135598540710244e-05
8.170351108874264412e+01 7.700291910488339621e-04
8.202696125140592187e+01 1.198084891806713414e-03
8.260917154419981046e+01 7.529916509735770733e-04
8.286793167433043550e+01 2.443704592963070240e-03
8.332076190205901867e+01 7.711654182357254375e-04
8.357952203218962950e+01 6.697442831395935886e-04
8.390297219485290725e+01 1.497224699077798432e-04
8.461456255271210125e+01 1.044017761545744166e-03
8.493801271537537900e+01 1.620552225293580922e-04
8.519677284550598984e+01 9.227852722668341548e-04
8.571429310576722571e+01 1.242183921751437549e-03
8.642588346362643392e+01 7.272589426931762822e-04
8.674933362628969746e+01 2.036466885671967420e-03
8.726685388655093334e+01 9.685125414309491603e-04
8.752561401668155838e+01 5.858144963637048437e-04
8.784906417934482192e+01 3.406259622141819205e-04
8.817251434200809967e+01 1.226753657836353664e-03
8.875472463480198826e+01 3.627607281571060120e-04
8.920755486253057143e+01 1.079206236882299238e-03
8.985445518785711272e+01 2.774609823608678799e-04
9.030728541558569589e+01 4.705070553337292977e-04
9.063073557824897364e+01 1.413271121831028354e-03
9.121294587104286222e+01 1.392923801203858154e-03
9.198922626143472314e+01 4.691192343527180939e-03
9.283019668435922256e+01 5.415494640223071469e-03
9.334771694462045843e+01 1.226882817238893631e-03
9.444744749767558289e+01 2.366279524044218388e-02
9.593531824592663781e+01 6.257648894306976073e-02
9.729380892911238732e+01 2.197182037789377138e-02
9.761725909177566507e+01 1.890705118133924334e-02
9.845822951470016449e+01 2.456017583462114244e-04
9.891105974242874765e+01 4.403033066324884594e-03
9.929919993762467811e+01 2.577124587241501168e-03
9.968734013282060857e+01 9.975282366939002866e-04
1.009164507509410385e+02 1.927900436311433957e-02
1.012399009136043162e+02 2.912602645255776140e-02
1.015633510762675797e+02 2.209933397956563919e-02
1.020161813039961629e+02 3.569793364189531581e-02
1.029865317919859820e+02 3.082856028886606439e-02
1.033099819546492597e+02 4.013119713336524980e-02
1.036981221498451902e+02 2.976528892640337848e-02
1.041509523775737591e+02 3.586928061111941540e-02
1.053153729631615505e+02 6.485971577156120736e-03
1.055094430607595086e+02 6.429382609262544040e-03
1.058975832559554391e+02 9.836072452797022057e-04
1.061563433860860499e+02 1.378540254526286262e-03
1.064151035162166750e+02 2.819110148214748739e-03
1.066738636463472858e+02 1.875539834907407385e-03
1.069326237764779108e+02 2.368838380807205060e-03
1.074501440367391467e+02 2.534088618007330519e-03
1.079676642970003826e+02 8.328504223567807091e-03
1.084204945247289658e+02 9.059761207636081448e-03
1.087439446873922293e+02 1.341185261670125445e-02
1.090673948500555070e+02 1.105200292128338639e-02
1.095202250777840902e+02 1.938405003451082811e-02
1.101024353705779788e+02 1.241111086242466764e-02
1.103611955007086038e+02 1.062321402519096278e-02
1.106846456633718674e+02 1.356636018168476052e-02
1.109434057935024924e+02 7.163119304982811485e-03
1.112668559561657560e+02 1.571752374385261206e-02
1.115903061188290337e+02 1.072474299815940300e-02
1.117843762164269918e+02 1.039852474393256586e-02
1.121078263790902696e+02 2.494854608136142307e-02
1.124312765417535473e+02 1.856733260090060941e-02
1.129487968020147832e+02 1.148459916183159311e-02
1.131428668996127413e+02 1.101439173513790205e-02
1.136603871598739772e+02 4.410876162549946800e-03
1.139838373225372550e+02 1.451250025351445835e-03
1.142425974526678658e+02 5.785169743335355670e-03
1.145013575827984909e+02 1.607392120921602397e-03
1.147601177129291017e+02 4.759456772698933066e-03
1.150188778430597267e+02 1.118435851337761877e-03
1.152776379731903376e+02 1.562528827290070744e-03
1.155363981033209626e+02 2.698691552115088047e-03
1.157951582334515734e+02 1.131935548630334017e-03
1.160539183635821985e+02 2.363867574254588291e-03
1.163126784937128093e+02 4.729980925915187352e-03
1.165714386238434344e+02 4.657420793833445816e-03
1.168301987539740452e+02 2.101651186074992607e-03
1.170889588841046702e+02 2.032420249000489558e-03
1.173477190142352811e+02 7.348512896394530404e-03
1.176711691768985588e+02 1.588609498090678973e-02
1.179299293070291696e+02 3.606993595934075703e-02
1.181886894371597947e+02 4.070112429820268996e-02
1.185121395998230724e+02 8.422665465339738977e-02
1.187708997299536833e+02 6.437127464845023017e-02
1.190296598600843083e+02 4.772833611858831593e-02
1.192884199902149192e+02 5.325683765816255355e-02
1.196118701528781969e+02 2.929595083181498957e-02
1.209056708035312795e+02 5.515698341167844798e-02
1.212291209661945572e+02 6.444993040629218295e-02
1.214878810963251681e+02 5.669595351267094074e-02
1.217466412264557931e+02 4.897921185975404046e-02
1.220054013565864039e+02 3.569742846444361878e-02
1.227816817469782649e+02 3.531941315395901917e-03
1.231051319096415426e+02 2.247708544016958822e-03
1.233638920397721535e+02 4.331741942279872248e-03
1.238814123000333893e+02 1.378104319786709704e-03
1.241401724301640144e+02 1.380317982396306060e-03
1.243989325602946252e+02 6.680908997513087047e-04
1.247223827229579030e+02 8.349584459232782399e-04
1.249164528205558611e+02 1.135317124863630123e-03
1.252399029832191388e+02 3.276800369743222111e-04
1.256280431784150693e+02 2.173705997870140419e-03
1.259514933410783328e+02 8.490708065335423726e-04
1.262749435037416106e+02 1.551913205550276703e-03
1.267277737314701938e+02 2.120812513324479842e-03
1.271159139266661100e+02 4.202070498148009411e-03
1.275040541218620405e+02 4.729539049338316904e-03
1.280862644146559433e+02 2.210171390979484823e-03
1.293800650653090258e+02 3.973280675648737520e-02
1.298328952930376090e+02 4.510810082444498964e-02
1.300916554231682198e+02 4.216152351280134242e-02
