Frequency Power
6.219228424043067305e-01 8.919163908188662213e-03
1.166105329508075217e+00 7.109954954121551658e-03
1.943508882513458547e+00 9.256075806507622298e-04
2.254470303715611745e+00 3.938012089820217302e-04
2.643172080218303410e+00 3.955504615296354110e-05
3.109614212021533763e+00 4.803565853607976491e-07
3.420575633223687184e+00 2.142101692414167342e-06
3.653796699125301917e+00 3.825989771389467165e-06
4.042498475627994026e+00 1.782973526557160924e-06
4.431200252130685691e+00 3.422427751675618912e-07
4.897642383933915156e+00 5.379399158288561703e-07
5.597305581638760685e+00 9.435614119696284161e-07
6.141488068742528839e+00 3.766161175874605375e-07
6.530189845245220504e+00 1.241566798522635579e-06
7.229853042950066033e+00 5.145156619505596045e-07
7.774035530053834187e+00 8.662158893098980152e-07
8.162737306556525851e+00 4.379053231251414514e-07
8.629179438359756205e+00 2.754263135320292206e-07
9.173361925463524358e+00 2.432368297452153366e-07
9.562063701966215135e+00 2.089343820982869166e-07
9.950765478468907688e+00 7.312241152396266305e-08
1.041720761027213804e+01 4.064902371656619578e-07
1.103913045267644399e+01 3.677472686018866140e-08
1.150557258447967435e+01 8.896795146662087181e-07
1.197201471628290470e+01 6.770246563481750225e-07
1.228297613748505768e+01 2.121391507603205229e-07
1.259393755868721065e+01 5.795254520189707270e-08
1.298263933518990321e+01 5.643618880572469058e-07
1.329360075639205618e+01 1.010580755011318477e-07
1.368230253289474874e+01 9.900308160041318537e-07
1.407100430939743951e+01 7.019562815557236022e-08
1.445970608590013207e+01 3.757886519243057865e-07
1.469292715180174724e+01 7.018040528179657202e-07
1.523710963890551540e+01 6.117678941491648993e-08
1.562581141540820617e+01 2.919979387936164608e-07
1.624773425781251390e+01 6.342717699890587592e-07
1.694739745551735766e+01 4.606225452432369708e-07
1.772480100852274276e+01 6.323009894140769846e-07
1.819124314032597312e+01 1.034015253220785414e-06
1.865768527212920347e+01 6.479832581434764980e-08
1.912412740393243027e+01 6.922135528579277463e-07
1.959056953573566062e+01 3.111458043700617093e-08
1.997927131223835318e+01 6.554418054889842137e-07
2.036797308874104573e+01 3.452601445436786079e-08
2.075667486524373828e+01 3.381189300002444708e-07
2.161181877354965764e+01 3.274532533767324405e-07
2.200052055005235019e+01 1.401035123769392049e-06
2.262244339245665614e+01 1.482438017142568336e-07
2.339984694546204125e+01 1.696008546351781595e-07
2.371080836666419245e+01 1.742894610470739995e-07
2.425499085376796415e+01 7.917458938397026283e-08
2.472143298557119095e+01 5.120434182498526789e-07
2.526561547267496266e+01 3.040844779771034804e-07
2.565431724917765166e+01 2.274891464002844576e-07
2.596527867037980641e+01 4.824033370662490542e-07
2.635398044688249897e+01 9.930173447363441983e-08
2.666494186808465017e+01 6.198331079631558505e-08
2.689816293398626712e+01 3.782954666046860974e-08
2.728686471048895612e+01 3.837515157610255080e-07
2.767556648699164867e+01 3.568338590709819654e-07
2.806426826349434123e+01 5.080415055270112556e-08
2.884167181649972633e+01 5.629440643768961066e-07
2.946359465890403229e+01 1.021525629057304256e-07
2.993003679070726264e+01 8.780104977844931049e-08
3.024099821190941384e+01 1.789755600361110190e-07
3.101840176491479895e+01 2.092975565068363285e-07
3.179580531792018050e+01 2.802767986754445043e-07
3.218450709442287661e+01 1.757817801855215978e-08
3.249546851562502781e+01 1.514401310139108852e-08
3.288417029212772036e+01 3.389762597505693451e-08
3.350609313453202276e+01 1.523785375182874750e-07
3.389479491103471531e+01 2.425061701659240622e-07
3.451671775343902482e+01 1.711429573803647131e-08
3.513864059584332722e+01 1.766194731176713490e-07
3.560508272764656112e+01 8.043807646257983961e-08
3.607152485944978793e+01 3.305114712923421211e-08
3.646022663595248048e+01 7.003652273095586342e-08
3.684892841245517303e+01 2.133626391742979039e-07
3.715988983365732423e+01 5.751289581840691741e-07
3.778181267606163374e+01 6.794879387892901715e-07
3.817051445256432629e+01 2.494278602554712218e-07
3.855921622906701884e+01 1.800617745873372137e-07
3.879243729496863580e+01 7.113562874836800488e-08
3.949210049267347955e+01 4.676655545222110292e-07
4.019176369037832330e+01 1.278554538487307499e-07
4.096916724338370841e+01 1.346039443932102576e-07
4.143560937518693521e+01 2.010891210299815224e-07
4.190205150699016912e+01 1.017022503957283667e-07
4.275719541529608847e+01 1.529826559403198952e-07
4.353459896830147358e+01 1.047052787434220502e-07
4.392330074480416613e+01 2.413991441922211004e-07
4.454522358720846853e+01 2.662520711844569425e-08
4.485618500841061973e+01 1.210523670727908339e-07
4.524488678491331228e+01 2.885200225585146450e-07
4.648873246972193130e+01 3.123240352142141089e-07
4.695517460152515810e+01 1.463950988058873886e-07
4.726613602272730930e+01 8.035744182965521381e-08
4.765483779923000185e+01 2.217289173403184125e-07
4.819902028633377000e+01 2.039160571504938585e-07
4.850998170753592831e+01 1.548864991877179975e-07
4.889868348403861376e+01 4.039248435989387689e-07
4.952060632644292326e+01 6.494023177105159249e-08
4.990930810294561581e+01 1.668490538506673483e-07
5.045349059004938397e+01 4.976386672133899232e-07
5.107541343245369347e+01 2.847532247736188025e-07
5.177507663015853723e+01 1.731094047509053237e-07
5.231925911726230538e+01 1.402980617753595732e-07
5.278570124906553218e+01 9.590386558029518521e-07
5.332988373616930033e+01 1.991208987166046442e-07
5.418502764447522679e+01 4.275925590138906499e-07
5.457372942097791224e+01 2.670781493532511621e-07
5.535113297398329735e+01 1.056424030553775649e-07
5.612853652698868245e+01 4.418632501294780232e-08
5.651723830349137501e+01 2.455049262081719423e-08
5.706142079059514316e+01 1.105369768966649335e-07
5.760560327769891131e+01 1.104992037751284635e-07
5.799430505420160387e+01 6.327401782656586197e-08
5.861622789660590627e+01 1.556659896383281308e-07
5.923815073901021577e+01 2.814104664568181294e-07
5.954911216021236697e+01 1.367954130407169178e-07
6.001555429201560088e+01 8.680690058233009443e-08
6.040425606851829343e+01 1.237866766885484882e-07
6.087069820032152023e+01 2.198740427322017436e-07
6.180358246392798094e+01 1.260398382269199979e-07
6.211454388513013214e+01 7.271828419040764734e-08
6.258098601693336605e+01 1.137640819444639987e-07
6.312516850403713420e+01 2.422777763735122033e-07
6.359161063584036100e+01 7.962510155323501247e-07
6.405805276764358780e+01 1.443368003136220946e-07
6.483545632064897291e+01 1.257100972402467208e-07
