Frequency Power
6.219228424043067305e-01 8.276225761142492685e-03
1.243845684808613461e+00 6.666148186444152864e-03
1.943508882513458547e+00 9.126415941135717670e-04
2.254470303715611745e+00 4.753407380828491104e-04
2.643172080218303410e+00 3.422360166118287823e-05
3.109614212021533763e+00 3.467181025561534260e-05
3.576056343824763673e+00 7.018400315149683581e-05
4.042498475627994026e+00 2.102019992247753120e-05
4.586680962731762179e+00 7.224121421429344581e-06
4.975382739234453844e+00 5.806006679555503181e-05
5.364084515737145509e+00 7.300377755991853880e-06
5.986007358141452350e+00 4.704873510987577027e-05
6.685670555846296992e+00 3.802095252227090930e-05
7.540814464152219010e+00 1.661563974569471892e-05
8.007256595955448475e+00 9.332184054762781285e-07
8.395958372458141028e+00 6.610941987775089825e-06
8.784660148960831805e+00 1.643891243676157756e-05
9.173361925463524358e+00 1.121331904029641357e-05
9.484323346665677334e+00 1.079784422210526321e-05
9.873025123168369888e+00 2.957201568245047655e-05
1.057268832087321364e+01 4.906370007974357549e-06
1.096139009737590619e+01 1.775440657237061537e-05
1.173879365038128952e+01 1.485156533536176816e-05
1.212749542688398208e+01 1.579994862573144324e-05
1.259393755868721065e+01 4.263492370403646929e-05
1.321586040109151838e+01 1.851419149257792779e-05
1.407100430939743951e+01 1.687155781517718525e-05
1.445970608590013207e+01 1.841997303156304899e-05
1.484840786240282284e+01 7.836286013940633457e-05
1.523710963890551540e+01 1.214725243960191399e-05
1.578129212600928355e+01 9.298015435676516683e-06
1.616999390251197610e+01 1.615478332430247458e-05
1.648095532371412730e+01 2.425213976269090899e-06
1.679191674491628206e+01 1.417565845147796525e-05
1.741383958732058801e+01 8.022401617759016788e-06
1.780254136382328056e+01 1.671813111119834966e-05
1.819124314032597312e+01 2.093836311039655663e-05
1.881316598273027907e+01 2.323511561932161217e-05
1.943508882513458502e+01 1.918272901781196564e-05
1.982379060163727758e+01 4.557317393680775227e-05
2.013475202283942878e+01 1.686055001419824989e-05
2.060119415464265913e+01 1.251740907590122590e-05
2.130085735234750643e+01 1.890226287167655735e-05
2.176729948415073679e+01 2.107252987030353212e-05
2.215600126065342579e+01 2.324636071275658052e-05
2.270018374775719394e+01 2.163701001431040180e-05
2.347758730076257905e+01 9.506413735093233451e-06
2.425499085376796415e+01 2.829236100745959590e-05
2.472143298557119095e+01 3.744743478970500993e-06
2.503239440677334571e+01 1.926426317881864335e-05
2.549883653857657606e+01 1.494029933432799089e-05
2.596527867037980641e+01 1.476505167425183573e-05
2.666494186808465017e+01 1.404947348121331822e-05
2.697590328928680492e+01 5.125065790020972596e-06
2.736460506578949747e+01 3.686010733961320710e-05
2.798652790819380343e+01 2.305727177564635992e-05
2.845297003999703378e+01 9.448263624641749429e-06
2.915263323770187753e+01 1.010191118226783342e-05
2.961907536950510789e+01 3.221623668015781160e-06
3.000777714600780044e+01 8.592009493207354183e-06
3.039647892251049299e+01 1.006813619932440253e-05
3.101840176491479895e+01 3.962215812435096219e-05
3.132936318611695015e+01 5.419854829924895183e-05
3.195128602852125965e+01 1.798350219336007844e-05
3.233998780502395221e+01 2.196663491805310952e-05
3.272868958152664476e+01 1.996932676696202897e-06
3.319513171332987156e+01 2.010410141719923643e-05
3.381705455573418106e+01 1.968131512910620699e-05
3.420575633223687362e+01 5.821695561885586481e-06
3.467219846404010042e+01 2.233187613904299239e-05
3.544960201704548552e+01 1.347898833779318492e-05
3.599378450414925368e+01 6.706150903749897479e-06
3.661570734655355608e+01 7.088661853433484358e-06
3.708214947835678998e+01 6.463300566859873286e-06
3.747085125485948254e+01 2.343299652456419386e-05
3.793729338666270934e+01 7.274305586281296786e-06
3.848147587376647749e+01 2.349451823472998652e-05
3.910339871617078700e+01 2.941298210814706458e-05
3.949210049267347955e+01 1.803484457908487835e-05
3.988080226917617210e+01 8.163147446969021981e-06
4.065820582218155010e+01 5.939320632349043646e-05
4.112464795398478401e+01 2.645817414497464991e-06
4.166883044108855216e+01 2.038686403443829061e-05
4.213527257289177896e+01 1.185034271907087413e-05
4.260171470469501287e+01 3.079026233263255398e-05
4.330137790239985662e+01 3.940689305232601896e-06
4.369007967890254918e+01 1.739730310788983967e-06
4.415652181070577598e+01 2.767172291990962395e-06
4.470070429780954413e+01 9.098771433623981277e-06
4.508940607431223668e+01 6.858952139616698453e-06
4.555584820611547059e+01 1.843183190621264570e-05
4.594454998261816314e+01 5.843873054305888106e-06
4.633325175912084859e+01 8.950575665153215170e-06
4.664421318032300690e+01 4.812567458279140341e-06
4.695517460152515810e+01 3.105993146467472138e-05
4.734387637802785065e+01 3.173320768437227948e-05
4.788805886513161880e+01 1.151321838029811612e-05
4.843224135223538696e+01 2.084929805156251567e-05
4.882094312873807951e+01 8.960055104333392769e-06
4.952060632644292326e+01 2.169308511140725489e-05
4.990930810294561581e+01 1.151854353496763654e-05
5.037575023474884262e+01 1.554462605511674017e-05
5.091993272185261077e+01 5.711169935470897322e-06
5.123089414305476907e+01 1.751008671706497278e-05
5.161959591955746163e+01 5.558072006408962413e-06
5.200829769606014708e+01 6.630589466105525269e-06
5.263022053846445658e+01 2.802835365500860176e-05
5.309666267026769049e+01 2.678848216535766711e-05
5.356310480207091729e+01 2.158582904216753144e-05
5.434050835507630239e+01 1.819768338523425759e-05
5.480695048687952919e+01 2.733302912786470223e-05
5.535113297398329735e+01 1.700322665426464488e-05
5.589531546108706550e+01 1.416708042898118349e-05
5.643949794819083365e+01 9.925472696123871941e-06
5.690594007999406756e+01 4.774651060563405794e-06
5.745012256709783571e+01 2.252914661367775892e-05
5.783882434360052827e+01 1.696245243283562261e-05
5.838300683070429642e+01 2.108343809029788573e-05
5.884944896250752322e+01 7.411397291470071428e-06
5.923815073901021577e+01 3.114230472266825304e-06
5.954911216021236697e+01 9.309595674413886516e-06
6.009329464731613513e+01 3.212171782263572949e-05
6.063747713441990328e+01 1.554720061758681511e-05
6.102617891092259583e+01 2.674367684131357119e-05
6.149262104272582974e+01 1.797193812069333886e-05
6.203680352982959789e+01 1.408490301915876158e-05
6.273646672753444165e+01 5.660518880656336331e-06
6.304742814873659285e+01 7.673172002907941759e-06
6.382483170174197795e+01 6.364381207907839446e-06
6.429127383354520475e+01 7.028968517270559259e-06
6.460223525474735595e+01 2.049366681533245491e-05
6.499093703125005561e+01 1.171455923992397878e-05
6.530189845245220681e+01 1.010631309654827700e-05
