Best in last gen:
[-0.00855947  0.00155382 -0.02348438  0.02929278 -0.01195714 -0.02377035
 -0.01141426  0.02302511  0.05617901  0.02521619 -0.02138635  0.00929269
  0.02445364 -0.01858885 -0.03222833 -0.07894421  0.03345993  0.02776166
  0.01402558  0.06638326 -0.0181658  -0.02305506 -0.04697944 -0.01339795
 -0.01203434 -0.01257143  0.02670313  0.04636182  0.06250846  0.0068303
  0.01543965  0.03411234 -0.03908804 -0.00369137  0.04677    -0.01442726
 -0.00388691 -0.05024689  0.00219726  0.01978034 -0.07830683 -0.01381074
 -0.01677814 -0.03937285  0.01909577  0.05712055 -0.02800642 -0.00170474
  0.97360216  1.27219094  0.42668601]
Best fitness in last gen:
5.2696166208200875e-08

Best in all:
[-0.00855947  0.00155382 -0.02348438  0.02929278 -0.01195714 -0.02377035
 -0.01141426  0.02302511  0.05617901  0.02521619 -0.02138635  0.00929269
  0.02445364 -0.01858885 -0.03222833 -0.07894421  0.03345993  0.02776166
  0.01402558  0.06638326 -0.0181658  -0.02305506 -0.04697944 -0.01339795
 -0.01203434 -0.01257143  0.02670313  0.04636182  0.06250846  0.0068303
  0.01543965  0.03411234 -0.03908804 -0.00369137  0.04677    -0.01442726
 -0.00388691 -0.05024689  0.00219726  0.01978034 -0.07830683 -0.01381074
 -0.01677814 -0.03937285  0.01909577  0.05712055 -0.02800642 -0.00170474
  0.97360216  1.27219094  0.42668601]
Best fitness in all:
5.2696166208200875e-08
