Best in last gen:
[-0.00879638 -0.06656677  0.00502039 -0.01186738  0.00966235  0.0210952
 -0.00228963 -0.00594315  0.01956038 -0.05844458 -0.01628122 -0.00202392
 -0.02442352 -0.00518799  0.00696432 -0.03492552 -0.001548    0.04296097
  0.04636171 -0.02252222  0.00400111 -0.01021847 -0.00700855  0.00454802
 -0.02719776 -0.01047397 -0.00233063  0.00664765  0.01455167  0.01547743
  0.00348699 -0.03176772  0.02788504 -0.00517849 -0.04102215 -0.01267803
  0.00764141  0.01945804 -0.03875651 -0.01706845 -0.0018149  -0.03685901
 -0.01220843  0.07513519  0.00448062 -0.02043148  0.03327189  0.04667727
  1.01303846  0.87265579  1.47119369]
Best fitness in last gen:
7.865469914870248e-08

Best in all:
[-0.00879638 -0.06656677  0.00502039 -0.01186738  0.00966235  0.0210952
 -0.00228963 -0.00594315  0.01956038 -0.05844458 -0.01628122 -0.00202392
 -0.02442352 -0.00518799  0.00696432 -0.03492552 -0.001548    0.04296097
  0.04636171 -0.02252222  0.00400111 -0.01021847 -0.00700855  0.00454802
 -0.02719776 -0.01047397 -0.00233063  0.00664765  0.01455167  0.01547743
  0.00348699 -0.03176772  0.02788504 -0.00517849 -0.04102215 -0.01267803
  0.00764141  0.01945804 -0.03875651 -0.01706845 -0.0018149  -0.03685901
 -0.01220843  0.07513519  0.00448062 -0.02043148  0.03327189  0.04667727
  1.01303846  0.87265579  1.47119369]
Best fitness in all:
7.865469914870248e-08

Initial parameters
population size = 200
number of generations = 10
Real number of generations = 10
elitism = 1
crossover_rate = 0.95
mutation rate = 0.01
mutation range = 0.1
order = 3
gene ranges = ((-0.2, 0.2), (0.95, 1.05), (0.75, 0.95), (1.4, 1.6))
