Best in last gen:
[ 0.04536866  0.00242398  0.02276989  0.01679348  0.01282695 -0.02624124
  0.05094304  0.00494115  0.04086976  0.05698136  0.03773466  0.09742891
  0.01218845 -0.03671806  0.00864282 -0.06536375 -0.02119187  0.02834228
  0.01218242  0.02912382  0.00923937  0.0087749  -0.00529869  0.07398363
  0.04688177  0.00327432  0.02770898 -0.0161519   0.00541793  0.09932296
  0.00976609  0.01769427  0.03249565 -0.05300903  0.04599612 -0.02062372
 -0.01426591 -0.00343431 -0.01332871  0.03091984  0.03430409 -0.00325464
 -0.06738494 -0.02660181 -0.02216109 -0.01358962 -0.00148843  0.00520769
  1.00416119  1.32104938  0.46166184]
Best fitness in last gen:
6.057209313169241e-08

Best in all:
[ 0.04536866  0.00242398  0.02276989  0.01679348  0.01282695 -0.02624124
  0.05094304  0.00494115  0.04086976  0.05698136  0.03773466  0.09742891
  0.01218845 -0.03671806  0.00864282 -0.06536375 -0.02119187  0.02834228
  0.01218242  0.02912382  0.00923937  0.0087749  -0.00529869  0.07398363
  0.04688177  0.00327432  0.02770898 -0.0161519   0.00541793  0.09932296
  0.00976609  0.01769427  0.03249565 -0.05300903  0.04599612 -0.02062372
 -0.01426591 -0.00343431 -0.01332871  0.03091984  0.03430409 -0.00325464
 -0.06738494 -0.02660181 -0.02216109 -0.01358962 -0.00148843  0.00520769
  1.00416119  1.32104938  0.46166184]
Best fitness in all:
6.057209313169241e-08
