Best in last gen:
[ 2.47852912e-02  2.37367100e-03 -2.23514240e-02  5.37812165e-03
  1.84381181e-02  6.34451707e-02  4.59983104e-02 -1.94356462e-02
 -9.84269818e-02 -2.08463776e-02 -1.29731646e-02  1.86089733e-02
  4.73720983e-02  4.21514227e-02 -4.24882715e-02  1.77096055e-02
  5.26430853e-02  3.34230009e-02 -4.39781320e-02 -1.11710021e-02
 -6.28283406e-02  1.24555898e-02 -6.75998779e-02 -3.02522873e-02
  9.80873051e-01  2.68164331e+00  1.29301210e+00]
Best fitness in last gen:
4.5809146115267814e-08

Best in all:
[ 2.47852912e-02  2.37367100e-03 -2.23514240e-02  5.37812165e-03
  1.84381181e-02  6.34451707e-02  4.59983104e-02 -1.94356462e-02
 -9.84269818e-02 -2.08463776e-02 -1.29731646e-02  1.86089733e-02
  4.73720983e-02  4.21514227e-02 -4.24882715e-02  1.77096055e-02
  5.26430853e-02  3.34230009e-02 -4.39781320e-02 -1.11710021e-02
 -6.28283406e-02  1.24555898e-02 -6.75998779e-02 -3.02522873e-02
  9.80873051e-01  2.68164331e+00  1.29301210e+00]
Best fitness in all:
4.5809146115267814e-08
