Best in last gen:
[-0.12728111  0.01949632  0.00916031 -0.01777947 -0.1006323   0.04380806
  0.07324884 -0.07030226 -0.08799028  0.04600846  0.0277291  -0.0183275
  0.11362778 -0.06192301 -0.06001989  0.04165133 -0.10044069 -0.09340512
 -0.0158045  -0.015814   -0.03320988  0.12445218 -0.08567859  0.09311774
  0.96117304  2.70998729  1.31009808]
Best fitness in last gen:
2.482515374747074e-07

Best in all:
[-0.12728111  0.01949632  0.00916031 -0.01777947 -0.1006323   0.04380806
  0.07324884 -0.07030226 -0.08799028  0.04600846  0.0277291  -0.0183275
  0.11362778 -0.06192301 -0.06001989  0.04165133 -0.10044069 -0.09340512
 -0.0158045  -0.015814   -0.03320988  0.12445218 -0.08567859  0.09311774
  0.96117304  2.70998729  1.31009808]
Best fitness in all:
2.482515374747074e-07
