Best in last gen:
[-1.14033066e-02 -7.93762094e-02 -4.42483997e-02 -4.49244015e-03
 -4.19514981e-02 -1.56794515e-03  3.47159249e-02  1.68382316e-02
  1.19260618e-02 -6.37927409e-02  4.12786141e-02  4.59984467e-03
  2.30701689e-02 -8.81559008e-04  3.77641592e-02 -6.78783529e-03
  4.97774559e-02 -3.94566241e-02 -2.24075722e-02 -1.02494548e-02
 -7.74190569e-03 -4.65285495e-04 -7.81625032e-03 -2.73053808e-02
  1.01090025e-02 -3.49285854e-02  9.28152012e-03  1.67104050e-03
 -7.50666531e-03  2.82917071e-02 -2.82080010e-02  1.50213954e-02
 -3.92992784e-02 -3.94226706e-02 -2.34372259e-02 -8.67632027e-03
  2.88294303e-02  2.21098573e-02 -4.43355043e-02 -2.85070855e-04
 -2.04442747e-02 -2.55888385e-02  2.77638139e-02 -3.61531390e-02
  7.73060419e-03  3.84234668e-02 -6.14925570e-03 -1.17232485e-02
  9.90131424e-01  1.09106020e+00  1.04408703e+00]
Best fitness in last gen:
7.896464369032745e-08

Best in all:
[-1.14033066e-02 -7.93762094e-02 -4.42483997e-02 -4.49244015e-03
 -4.19514981e-02 -1.56794515e-03  3.47159249e-02  1.68382316e-02
  1.19260618e-02 -6.37927409e-02  4.12786141e-02  4.59984467e-03
  2.30701689e-02 -8.81559008e-04  3.77641592e-02 -6.78783529e-03
  4.97774559e-02 -3.94566241e-02 -2.24075722e-02 -1.02494548e-02
 -7.74190569e-03 -4.65285495e-04 -7.81625032e-03 -2.73053808e-02
  1.01090025e-02 -3.49285854e-02  9.28152012e-03  1.67104050e-03
 -7.50666531e-03  2.82917071e-02 -2.82080010e-02  1.50213954e-02
 -3.92992784e-02 -3.94226706e-02 -2.34372259e-02 -8.67632027e-03
  2.88294303e-02  2.21098573e-02 -4.43355043e-02 -2.85070855e-04
 -2.04442747e-02 -2.55888385e-02  2.77638139e-02 -3.61531390e-02
  7.73060419e-03  3.84234668e-02 -6.14925570e-03 -1.17232485e-02
  9.90131424e-01  1.09106020e+00  1.04408703e+00]
Best fitness in all:
7.896464369032745e-08
