Best in last gen:
[ 2.45059570e-02  2.68277086e-02 -9.37049155e-04 -6.89299137e-02
  8.21675404e-03  1.50801511e-02  7.37857226e-03  2.10827561e-02
 -4.22115813e-02  3.17923380e-03 -5.63382557e-02 -9.85287433e-03
  1.47733138e-02 -1.44917714e-02  2.79313316e-02 -3.05420663e-02
 -1.13989530e-02 -1.41568320e-02  4.47886791e-02 -1.44243540e-03
 -7.32263400e-03  1.32106732e-02  4.56370267e-02  2.42854740e-02
 -4.03439523e-04  1.17905670e-03  1.04753375e-03  1.64052058e-02
  2.48441068e-02 -6.98493158e-03 -1.34555207e-02 -1.27467644e-02
  1.91246839e-02  3.30417242e-02 -3.21749052e-02  5.28134194e-02
  3.95355591e-02 -2.69724651e-02 -3.47773186e-03 -1.31516287e-02
 -3.36814829e-02  2.39624962e-02 -6.21332646e-03 -3.60317399e-02
  2.34131017e-02 -5.24862448e-02  2.97652335e-02 -8.38145165e-02
  9.87334804e-01  9.74323551e-01  1.00615235e+00]
Best fitness in last gen:
2.42034407788961e-08

Best in all:
[ 2.45059570e-02  2.68277086e-02 -9.37049155e-04 -6.89299137e-02
  8.21675404e-03  1.50801511e-02  7.37857226e-03  2.10827561e-02
 -4.22115813e-02  3.17923380e-03 -5.63382557e-02 -9.85287433e-03
  1.47733138e-02 -1.44917714e-02  2.79313316e-02 -3.05420663e-02
 -1.13989530e-02 -1.41568320e-02  4.47886791e-02 -1.44243540e-03
 -7.32263400e-03  1.32106732e-02  4.56370267e-02  2.42854740e-02
 -4.03439523e-04  1.17905670e-03  1.04753375e-03  1.64052058e-02
  2.48441068e-02 -6.98493158e-03 -1.34555207e-02 -1.27467644e-02
  1.91246839e-02  3.30417242e-02 -3.21749052e-02  5.28134194e-02
  3.95355591e-02 -2.69724651e-02 -3.47773186e-03 -1.31516287e-02
 -3.36814829e-02  2.39624962e-02 -6.21332646e-03 -3.60317399e-02
  2.34131017e-02 -5.24862448e-02  2.97652335e-02 -8.38145165e-02
  9.87334804e-01  9.74323551e-01  1.00615235e+00]
Best fitness in all:
2.42034407788961e-08
