Best in last gen:
[-4.93756462e-03 -3.13888720e-03  7.61460242e-03  4.83842950e-02
  5.74371305e-02  1.30597612e-02  1.41462859e-01  5.03532868e-02
  5.86883704e-02 -6.89401662e-03 -6.33345097e-02  6.98986601e-03
  1.91191422e-02  1.19005216e-02  6.60542963e-03 -5.98959036e-03
  5.18841807e-03  1.13951379e-02 -6.77358171e-03 -1.37973113e-02
 -1.64496126e-03  1.34228034e-02 -6.35055985e-03 -4.60152856e-02
  1.48952365e-02 -6.54798155e-02 -7.56997768e-03 -6.87574624e-03
  6.54307500e-02 -2.48595810e-02  1.06867170e-01 -9.20851132e-03
  6.41929677e-03  2.86765946e-03  1.93181652e-02 -3.79417785e-03
 -7.10721666e-03 -2.03655339e-02  1.78385295e-03  8.01387338e-04
 -1.36795531e-03 -2.22853305e-02  1.53953927e-02  1.47762027e-02
  7.71081193e-03 -2.91058047e-02 -2.77092358e-02 -5.35732070e-03
  1.00111819e+00  8.61101920e-01  5.40740921e-01]
Best fitness in last gen:
0.8821579809853578

Best in all:
[-4.93756462e-03 -3.13888720e-03  7.61460242e-03  4.83842950e-02
  5.74371305e-02  1.30597612e-02  1.41462859e-01  5.03532868e-02
  5.86883704e-02 -6.89401662e-03 -6.33345097e-02  6.98986601e-03
  1.91191422e-02  1.19005216e-02  6.60542963e-03 -5.98959036e-03
  5.18841807e-03  1.13951379e-02 -6.77358171e-03 -1.37973113e-02
 -1.64496126e-03  1.34228034e-02 -6.35055985e-03 -4.60152856e-02
  1.48952365e-02 -6.54798155e-02 -7.56997768e-03 -6.87574624e-03
  6.54307500e-02 -2.48595810e-02  1.06867170e-01 -9.20851132e-03
  6.41929677e-03  2.86765946e-03  1.93181652e-02 -3.79417785e-03
 -7.10721666e-03 -2.03655339e-02  1.78385295e-03  8.01387338e-04
 -1.36795531e-03 -2.22853305e-02  1.53953927e-02  1.47762027e-02
  7.71081193e-03 -2.91058047e-02 -2.77092358e-02 -5.35732070e-03
  1.00111819e+00  8.61101920e-01  5.40740921e-01]
Best fitness in all:
0.8821579809853578

Initial parameters
population size = 200
number of generations = 10000
Real number of generations = 10000
elitism = 1
crossover_rate = 0.95
mutation rate = 0.01
mutation range = 0.1
order = 3
gene ranges = ((-0.2, 0.2), (0.95, 1.05), (0.75, 0.95), (0.43, 0.63))
