Best in last gen:
[ 0.16708954 -0.12879188  0.03303912  0.03235717  0.05525196  0.04786468
 -0.17576074  0.01486211  0.06040195 -0.10498916  0.10339812  0.15090847
 -0.0501165   0.18575079  0.19859674 -0.06471945  0.08359     0.14469183
  0.08988849 -0.03966749 -0.02555357 -0.03624541 -0.14679054 -0.16277183
  1.04200679  0.58713329  0.25516655]
Best fitness in last gen:
4.8307392525338585e-09

Best in all:
[ 0.16708954 -0.12879188  0.03303912  0.03235717  0.05525196  0.04786468
 -0.17576074  0.01486211  0.06040195 -0.10498916  0.10339812  0.15090847
 -0.0501165   0.18575079  0.19859674 -0.06471945  0.08359     0.14469183
  0.08988849 -0.03966749 -0.02555357 -0.03624541 -0.14679054 -0.16277183
  1.04200679  0.58713329  0.25516655]
Best fitness in all:
4.8307392525338585e-09
