Best in last gen:
[ 1.06799450e-02 -7.80273294e-04  1.17569730e-02 -7.71926284e-03
  1.21464210e-02 -2.21418051e-02  5.08727813e-02 -2.80099389e-05
  2.06279119e-02  4.03046356e-02  8.17439892e-03 -3.93201582e-02
 -7.83680736e-02  1.65507431e-02  1.28175097e-02 -3.51980332e-02
 -1.75287811e-02  6.63109432e-03  9.50689254e-04  1.33286237e-02
 -1.85753340e-02 -1.04165011e-02 -1.20474719e-02  3.59031483e-02
  8.03848452e-03  3.23219765e-02  2.53100587e-02 -1.15356263e-02
 -1.87709823e-02  7.22742913e-03  2.73397698e-02 -1.48227522e-02
  1.17248801e-02 -7.05962423e-02  1.13399146e-02  1.01460267e-02
  3.82518063e-03 -3.57673273e-02  3.25047397e-02  1.96118681e-02
  1.52115217e-02  2.94752569e-02  5.65012881e-03 -2.06363558e-02
 -2.02276175e-02 -1.08595138e-02  1.61323918e-03 -4.56962376e-02
  9.94590674e-01  8.51709935e-01  1.37048823e+00]
Best fitness in last gen:
0.10065699182692801

Best in all:
[ 1.06799450e-02 -7.80273294e-04  1.17569730e-02 -7.71926284e-03
  1.21464210e-02 -2.21418051e-02  5.08727813e-02 -2.80099389e-05
  2.06279119e-02  4.03046356e-02  8.17439892e-03 -3.93201582e-02
 -7.83680736e-02  1.65507431e-02  1.28175097e-02 -3.51980332e-02
 -1.75287811e-02  6.63109432e-03  9.50689254e-04  1.33286237e-02
 -1.85753340e-02 -1.04165011e-02 -1.20474719e-02  3.59031483e-02
  8.03848452e-03  3.23219765e-02  2.53100587e-02 -1.15356263e-02
 -1.87709823e-02  7.22742913e-03  2.73397698e-02 -1.48227522e-02
  1.17248801e-02 -7.05962423e-02  1.13399146e-02  1.01460267e-02
  3.82518063e-03 -3.57673273e-02  3.25047397e-02  1.96118681e-02
  1.52115217e-02  2.94752569e-02  5.65012881e-03 -2.06363558e-02
 -2.02276175e-02 -1.08595138e-02  1.61323918e-03 -4.56962376e-02
  9.94590674e-01  8.51709935e-01  1.37048823e+00]
Best fitness in all:
0.10065699182692801

Initial parameters
population size = 200
number of generations = 10
Real number of generations = 10
elitism = 1
crossover_rate = 0.95
mutation rate = 0.01
mutation range = 0.1
order = 3
gene ranges = ((-0.2, 0.2), (0.95, 1.05), (0.7, 1), (1.25, 1.45))
