Best in last gen:
[-3.37926238e-02  1.64203309e-02 -2.08992459e-02 -6.46830988e-02
 -3.26301888e-02 -2.63281593e-04 -9.69878098e-03  2.68129668e-02
 -5.14093048e-02 -8.53449953e-03  2.05665826e-02 -7.32598384e-02
 -1.17762019e-01  1.48001508e-01 -1.95197929e-02  7.17899963e-03
 -6.52839961e-02  2.51457488e-02  4.03053835e-02  4.43918943e-02
  2.77956453e-03 -3.09229818e-02  3.45124835e-02  4.57822184e-02
  1.01959069e+00  1.48529184e+00  4.96537051e-01]
Best fitness in last gen:
3.08959807239731e-07

Best in all:
[-3.37926238e-02  1.64203309e-02 -2.08992459e-02 -6.46830988e-02
 -3.26301888e-02 -2.63281593e-04 -9.69878098e-03  2.68129668e-02
 -5.14093048e-02 -8.53449953e-03  2.05665826e-02 -7.32598384e-02
 -1.17762019e-01  1.48001508e-01 -1.95197929e-02  7.17899963e-03
 -6.52839961e-02  2.51457488e-02  4.03053835e-02  4.43918943e-02
  2.77956453e-03 -3.09229818e-02  3.45124835e-02  4.57822184e-02
  1.01959069e+00  1.48529184e+00  4.96537051e-01]
Best fitness in all:
3.08959807239731e-07
