Best in last gen:
[ 1.94038652e-01  1.51949302e-02 -4.82134269e-02 -1.79333974e-02
 -8.45025460e-02  1.53555364e-01 -1.73849440e-01 -1.01852101e-01
  1.20190415e-01 -6.76727005e-02 -6.53351130e-03  1.64906789e-01
  9.16846891e-02 -1.68371812e-01  1.56186882e-01  4.62579956e-02
 -2.85574851e-02  2.80339202e-02 -4.83556089e-02 -1.70440240e-01
  1.78227611e-01  7.06339652e-02  1.23625572e-01  1.06664161e-01
  1.29606832e-01  1.05433306e-01  9.07005459e-02  8.14012001e-04
 -9.07100533e-02  1.44355975e-01 -6.27920867e-02  1.59205679e-01
  6.80952978e-02  1.90930269e-01  1.40665707e-02 -8.01036586e-02
 -1.69751152e-01  1.20501851e-01 -4.28357074e-02  1.43679781e-01
  1.82610825e-02  1.92282176e-02  9.31495211e-02  2.29492924e-02
 -1.97255097e-01 -4.85696194e-02  6.86902023e-02 -1.44402914e-01
  1.02218581e+00  1.07641154e+00  6.01947686e-01]
Best fitness in last gen:
8.140641324469981e-09

Best in all:
[ 1.94038652e-01  1.51949302e-02 -4.82134269e-02 -1.79333974e-02
 -8.45025460e-02  1.53555364e-01 -1.73849440e-01 -1.01852101e-01
  1.20190415e-01 -6.76727005e-02 -6.53351130e-03  1.64906789e-01
  9.16846891e-02 -1.68371812e-01  1.56186882e-01  4.62579956e-02
 -2.85574851e-02  2.80339202e-02 -4.83556089e-02 -1.70440240e-01
  1.78227611e-01  7.06339652e-02  1.23625572e-01  1.06664161e-01
  1.29606832e-01  1.05433306e-01  9.07005459e-02  8.14012001e-04
 -9.07100533e-02  1.44355975e-01 -6.27920867e-02  1.59205679e-01
  6.80952978e-02  1.90930269e-01  1.40665707e-02 -8.01036586e-02
 -1.69751152e-01  1.20501851e-01 -4.28357074e-02  1.43679781e-01
  1.82610825e-02  1.92282176e-02  9.31495211e-02  2.29492924e-02
 -1.97255097e-01 -4.85696194e-02  6.86902023e-02 -1.44402914e-01
  1.02218581e+00  1.07641154e+00  6.01947686e-01]
Best fitness in all:
8.140641324469981e-09
