Best in last gen:
[ 1.17371542e-02  1.15125313e-02  1.11095221e-02 -9.69059622e-03
  1.16826744e-02 -2.10648478e-02 -3.43619006e-02  1.57629406e-02
  1.69990531e-02  4.22435141e-02  5.08579587e-02 -2.34397973e-02
 -3.34524289e-02  9.80547482e-03 -1.38309229e-02 -6.14568798e-03
  1.05554372e-02 -3.82796676e-02  4.06577521e-03 -1.26200220e-02
 -1.25590747e-02  1.99133370e-03 -4.44190852e-02  1.95959722e-02
  9.72463534e-03 -1.26715315e-02  1.67569733e-02  6.04446760e-02
 -2.97785984e-02  2.63112246e-02 -2.38307323e-02 -4.97206586e-02
  8.44774454e-03 -2.09597744e-02  2.30985237e-02  1.41569989e-02
  1.04301859e-02  2.48179060e-03 -1.54913000e-02 -7.87273539e-04
  1.09141087e-02  8.49541973e-03 -2.75098271e-03 -9.41593953e-03
  4.51481556e-03  3.39716929e-02 -4.20930084e-03  4.20118541e-02
  1.00047945e+00  5.19602061e-01  1.51187522e+00]
Best fitness in last gen:
5.029987534305713e-08

Best in all:
[ 1.17371542e-02  1.15125313e-02  1.11095221e-02 -9.69059622e-03
  1.16826744e-02 -2.10648478e-02 -3.43619006e-02  1.57629406e-02
  1.69990531e-02  4.22435141e-02  5.08579587e-02 -2.34397973e-02
 -3.34524289e-02  9.80547482e-03 -1.38309229e-02 -6.14568798e-03
  1.05554372e-02 -3.82796676e-02  4.06577521e-03 -1.26200220e-02
 -1.25590747e-02  1.99133370e-03 -4.44190852e-02  1.95959722e-02
  9.72463534e-03 -1.26715315e-02  1.67569733e-02  6.04446760e-02
 -2.97785984e-02  2.63112246e-02 -2.38307323e-02 -4.97206586e-02
  8.44774454e-03 -2.09597744e-02  2.30985237e-02  1.41569989e-02
  1.04301859e-02  2.48179060e-03 -1.54913000e-02 -7.87273539e-04
  1.09141087e-02  8.49541973e-03 -2.75098271e-03 -9.41593953e-03
  4.51481556e-03  3.39716929e-02 -4.20930084e-03  4.20118541e-02
  1.00047945e+00  5.19602061e-01  1.51187522e+00]
Best fitness in all:
5.029987534305713e-08
