Best in last gen:
[-0.1229158   0.02925885 -0.04281746 -0.07912382  0.07071231  0.05625904
 -0.03911416  0.03273648 -0.01469748 -0.18717111 -0.07629902  0.02396403
 -0.12196463 -0.01454601 -0.13691779  0.14208515  0.01034255 -0.00548957
 -0.01425119 -0.04111463  0.07219811  0.05762811  0.04520013  0.05291587
  1.01777271  0.92770528  0.81535449]
Best fitness in last gen:
1.8042753901000025e-06

Best in all:
[-0.1229158   0.02925885 -0.04281746 -0.07912382  0.07071231  0.05625904
 -0.03911416  0.03273648 -0.01469748 -0.18717111 -0.07629902  0.02396403
 -0.12196463 -0.01454601 -0.13691779  0.14208515  0.01034255 -0.00548957
 -0.01425119 -0.04111463  0.07219811  0.05762811  0.04520013  0.05291587
  1.01777271  0.92770528  0.81535449]
Best fitness in all:
1.8042753901000025e-06
