Best in last gen:
[ 1.57609102e-03  1.01883080e-02  2.02473579e-02  2.02705622e-03
  5.00248023e-03  2.96369628e-03  2.02313336e-02 -1.61719585e-02
 -3.19901027e-04 -1.24950569e-02  1.11091997e-02 -5.16278841e-03
 -3.69154915e-02  2.09171753e-02 -2.28550451e-02  2.83055287e-03
 -3.13423775e-03  1.54666686e-02 -5.55763059e-05  1.13149711e-02
  1.20399029e-02  1.15059453e-03 -3.36410542e-02  1.29453006e-02
 -1.23532381e-03 -9.34477587e-03 -4.70877521e-03  1.12835075e-02
 -5.57284198e-04  4.30491084e-03  4.45390974e-03 -2.53760223e-02
 -2.01949258e-02  1.11479930e-03 -1.61888562e-02  1.28785664e-02
  1.41109018e-02 -2.83804871e-02 -6.11864291e-03  3.30327616e-03
  8.91714636e-03  1.89556387e-03 -2.83480081e-02 -6.03835002e-03
 -1.60452744e-03  2.61061858e-03  4.59361352e-03  9.50157813e-03
  9.98631338e-01  5.32626457e-01  1.26030440e+00]
Best fitness in last gen:
5.381276900310096e-08

Best in all:
[ 1.57609102e-03  1.01883080e-02  2.02473579e-02  2.02705622e-03
  5.00248023e-03  2.96369628e-03  2.02313336e-02 -1.61719585e-02
 -3.19901027e-04 -1.24950569e-02  1.11091997e-02 -5.16278841e-03
 -3.69154915e-02  2.09171753e-02 -2.28550451e-02  2.83055287e-03
 -3.13423775e-03  1.54666686e-02 -5.55763059e-05  1.13149711e-02
  1.20399029e-02  1.15059453e-03 -3.36410542e-02  1.29453006e-02
 -1.23532381e-03 -9.34477587e-03 -4.70877521e-03  1.12835075e-02
 -5.57284198e-04  4.30491084e-03  4.45390974e-03 -2.53760223e-02
 -2.01949258e-02  1.11479930e-03 -1.61888562e-02  1.28785664e-02
  1.41109018e-02 -2.83804871e-02 -6.11864291e-03  3.30327616e-03
  8.91714636e-03  1.89556387e-03 -2.83480081e-02 -6.03835002e-03
 -1.60452744e-03  2.61061858e-03  4.59361352e-03  9.50157813e-03
  9.98631338e-01  5.32626457e-01  1.26030440e+00]
Best fitness in all:
5.381276900310096e-08
