Best in last gen:
[ 0.03287348  0.01652572 -0.14631581 -0.11949917  0.00882457  0.06660688
 -0.2         0.04925366  0.01480628 -0.03443482  0.01970038  0.00455376
  0.09505168 -0.03777345 -0.00525883  0.09396472  0.0796307   0.01726232
 -0.01807746 -0.06957619  0.07446021 -0.00158609  0.08028184 -0.04927437
  0.88295709  1.20188991  1.29599409]
Best fitness in last gen:
2.5180167588103567e-06

Best in all:
[ 0.03287348  0.01652572 -0.14631581 -0.11949917  0.00882457  0.06660688
 -0.2         0.04925366  0.01480628 -0.03443482  0.01970038  0.00455376
  0.09505168 -0.03777345 -0.00525883  0.09396472  0.0796307   0.01726232
 -0.01807746 -0.06957619  0.07446021 -0.00158609  0.08028184 -0.04927437
  0.88295709  1.20188991  1.29599409]
Best fitness in all:
2.5180167588103567e-06
