Best in last gen:
[-0.00696603 -0.03180003 -0.00255539  0.07880685  0.09173766 -0.17577614
 -0.11513379 -0.00207289  0.09179908  0.01626912 -0.0951585   0.01802115
  0.08655272 -0.01319828 -0.06006201 -0.10933371 -0.01830943  0.07006035
  0.01972432 -0.03253223 -0.1124533  -0.06424671 -0.00207459 -0.07568182
  1.03409265  0.86085642  1.17230781]
Best fitness in last gen:
2.0031424028367485e-06

Best in all:
[-0.00696603 -0.03180003 -0.00255539  0.07880685  0.09173766 -0.17577614
 -0.11513379 -0.00207289  0.09179908  0.01626912 -0.0951585   0.01802115
  0.08655272 -0.01319828 -0.06006201 -0.10933371 -0.01830943  0.07006035
  0.01972432 -0.03253223 -0.1124533  -0.06424671 -0.00207459 -0.07568182
  1.03409265  0.86085642  1.17230781]
Best fitness in all:
2.0031424028367485e-06
