Best in last gen:
[-2.45597242e-02  3.98475362e-02 -2.18472114e-02  4.01286208e-02
 -1.47975777e-03  2.71212128e-02 -7.41470075e-03  1.33432871e-02
 -1.66829072e-02 -3.77517075e-02  9.60294707e-03  1.08448739e-02
 -2.19872542e-02 -3.13802838e-02  2.86320618e-02  2.75565215e-02
  3.95065724e-02  1.89694584e-02 -1.79105155e-02 -2.31937811e-02
 -1.44246649e-02 -2.24885046e-02  4.13352129e-04  3.36904643e-02
  3.69761422e-02  9.73345553e-03 -2.07855332e-02 -2.63684429e-02
  2.85350183e-02  9.21570513e-03  1.29223973e-02 -1.95099532e-02
 -8.94093050e-03 -6.14296940e-03  5.22171987e-02  1.89252151e-02
 -7.30278457e-03 -1.85684662e-02  6.44738019e-03  1.25747672e-02
 -1.84747492e-02  1.58678456e-02 -2.06236140e-02 -1.38552538e-02
 -3.54469012e-02 -1.88414593e-02  1.97562936e-02 -1.33899285e-02
  4.19393269e-02  2.34877047e-02 -9.26332611e-04  3.05561001e-02
 -2.30514575e-03  2.55122718e-02 -5.22005485e-03  2.43401024e-03
 -2.74269984e-02 -6.82003306e-03  9.52871373e-03  2.87528642e-03
 -3.08871441e-02 -1.84131239e-02  8.78808676e-03 -4.44399092e-03
 -2.22673512e-02  1.08544407e-02 -3.89873194e-02 -7.50116884e-03
  1.38679740e-02  1.16521100e-02  3.12291729e-02 -2.79766808e-02
 -3.13447524e-02 -1.33775684e-02  1.46110610e-02 -1.35157758e-02
 -2.24261193e-03  2.49821677e-02 -7.23871702e-03 -9.49768388e-03
  3.12786932e-02  5.63972176e-03  3.73291612e-03 -6.20239429e-03
  6.23938692e-03  4.09885192e-02 -8.14189111e-02  1.04238824e-02
  2.13038292e-02  4.20181860e-02 -2.26221773e-02  3.82960184e-03
  4.60886233e-03 -1.52149628e-03  4.00975514e-02 -1.51557257e-02
 -1.34086567e-02 -4.18373891e-02  7.14444998e-03  1.03081836e-02
  5.19971798e-02 -2.56111783e-02 -1.56524091e-02 -1.90891507e-02
  2.36183514e-02  1.00906947e-02  1.56965449e-02 -2.42989627e-02
  5.82742937e-02 -3.39580986e-02  1.51518384e-05 -1.26262836e-02
  2.66453059e-02 -4.62920793e-03  4.30002187e-03 -1.81475949e-02
  1.10062831e-02  2.47358173e-02  7.81080723e-03  4.30428582e-03
  1.01221361e+00  8.47631434e-01  1.49555070e+00]
Best fitness in last gen:
5.133746170894221e-08

Best in all:
[-2.45597242e-02  3.98475362e-02 -2.18472114e-02  4.01286208e-02
 -1.47975777e-03  2.71212128e-02 -7.41470075e-03  1.33432871e-02
 -1.66829072e-02 -3.77517075e-02  9.60294707e-03  1.08448739e-02
 -2.19872542e-02 -3.13802838e-02  2.86320618e-02  2.75565215e-02
  3.95065724e-02  1.89694584e-02 -1.79105155e-02 -2.31937811e-02
 -1.44246649e-02 -2.24885046e-02  4.13352129e-04  3.36904643e-02
  3.69761422e-02  9.73345553e-03 -2.07855332e-02 -2.63684429e-02
  2.85350183e-02  9.21570513e-03  1.29223973e-02 -1.95099532e-02
 -8.94093050e-03 -6.14296940e-03  5.22171987e-02  1.89252151e-02
 -7.30278457e-03 -1.85684662e-02  6.44738019e-03  1.25747672e-02
 -1.84747492e-02  1.58678456e-02 -2.06236140e-02 -1.38552538e-02
 -3.54469012e-02 -1.88414593e-02  1.97562936e-02 -1.33899285e-02
  4.19393269e-02  2.34877047e-02 -9.26332611e-04  3.05561001e-02
 -2.30514575e-03  2.55122718e-02 -5.22005485e-03  2.43401024e-03
 -2.74269984e-02 -6.82003306e-03  9.52871373e-03  2.87528642e-03
 -3.08871441e-02 -1.84131239e-02  8.78808676e-03 -4.44399092e-03
 -2.22673512e-02  1.08544407e-02 -3.89873194e-02 -7.50116884e-03
  1.38679740e-02  1.16521100e-02  3.12291729e-02 -2.79766808e-02
 -3.13447524e-02 -1.33775684e-02  1.46110610e-02 -1.35157758e-02
 -2.24261193e-03  2.49821677e-02 -7.23871702e-03 -9.49768388e-03
  3.12786932e-02  5.63972176e-03  3.73291612e-03 -6.20239429e-03
  6.23938692e-03  4.09885192e-02 -8.14189111e-02  1.04238824e-02
  2.13038292e-02  4.20181860e-02 -2.26221773e-02  3.82960184e-03
  4.60886233e-03 -1.52149628e-03  4.00975514e-02 -1.51557257e-02
 -1.34086567e-02 -4.18373891e-02  7.14444998e-03  1.03081836e-02
  5.19971798e-02 -2.56111783e-02 -1.56524091e-02 -1.90891507e-02
  2.36183514e-02  1.00906947e-02  1.56965449e-02 -2.42989627e-02
  5.82742937e-02 -3.39580986e-02  1.51518384e-05 -1.26262836e-02
  2.66453059e-02 -4.62920793e-03  4.30002187e-03 -1.81475949e-02
  1.10062831e-02  2.47358173e-02  7.81080723e-03  4.30428582e-03
  1.01221361e+00  8.47631434e-01  1.49555070e+00]
Best fitness in all:
5.133746170894221e-08

Initial parameters
population size = 200
number of generations = 10
Real number of generations = 10
elitism = 1
crossover_rate = 0.95
mutation rate = 0.01
mutation range = 0.1
order = 5
gene ranges = ((-0.2, 0.2), (0.95, 1.05), (0.75, 0.95), (1.4, 1.6))
