Best in last gen:
[ 7.88269619e-03  2.65355273e-02  7.19437009e-03 -2.14713381e-02
 -1.19342363e-02  4.90552330e-02 -2.78621392e-04 -5.87605965e-03
  2.22376062e-02  8.02395082e-03  9.25515431e-03 -1.42511262e-02
 -3.10147823e-02  2.43185519e-02 -2.12635464e-02  2.24442573e-02
  6.01945743e-02  4.59871391e-03  2.21612628e-02 -1.54726080e-02
 -7.30164466e-02  3.87205981e-02  2.77867468e-02  2.11217067e-02
  1.43244330e-02 -1.21754889e-03  4.02549875e-02  3.50740405e-03
  1.89431803e-03 -1.85627363e-02  8.79709472e-02 -1.40403868e-02
 -4.33332437e-02  4.90030548e-03  9.08594609e-03 -1.68453768e-02
  6.73494947e-03 -1.71375717e-02  2.21133753e-02  1.06613760e-02
 -5.85423301e-02  2.11356783e-02 -6.03670243e-02  1.94800010e-02
 -2.79245192e-03 -4.23903371e-02 -4.83974641e-02  6.04408371e-02
  1.02070487e+00  9.99424563e-01  9.31977320e-01]
Best fitness in last gen:
3.1896871724403534e-08

Best in all:
[ 7.88269619e-03  2.65355273e-02  7.19437009e-03 -2.14713381e-02
 -1.19342363e-02  4.90552330e-02 -2.78621392e-04 -5.87605965e-03
  2.22376062e-02  8.02395082e-03  9.25515431e-03 -1.42511262e-02
 -3.10147823e-02  2.43185519e-02 -2.12635464e-02  2.24442573e-02
  6.01945743e-02  4.59871391e-03  2.21612628e-02 -1.54726080e-02
 -7.30164466e-02  3.87205981e-02  2.77867468e-02  2.11217067e-02
  1.43244330e-02 -1.21754889e-03  4.02549875e-02  3.50740405e-03
  1.89431803e-03 -1.85627363e-02  8.79709472e-02 -1.40403868e-02
 -4.33332437e-02  4.90030548e-03  9.08594609e-03 -1.68453768e-02
  6.73494947e-03 -1.71375717e-02  2.21133753e-02  1.06613760e-02
 -5.85423301e-02  2.11356783e-02 -6.03670243e-02  1.94800010e-02
 -2.79245192e-03 -4.23903371e-02 -4.83974641e-02  6.04408371e-02
  1.02070487e+00  9.99424563e-01  9.31977320e-01]
Best fitness in all:
3.1896871724403534e-08
