Best in last gen:
[-0.01233244  0.0567996  -0.03019045  0.02690762 -0.08091274 -0.03976738
 -0.03260099  0.00532396  0.04061517 -0.02475751 -0.03348483  0.01383061
 -0.00470573  0.03935186 -0.03144579 -0.03628759  0.04715764  0.02883062
 -0.01839535 -0.04782298 -0.01757146  0.08160115 -0.0689008  -0.02339734
  1.00421712  2.12579394  1.72349995]
Best fitness in last gen:
1.0971298876211224e-07

Best in all:
[-0.01233244  0.0567996  -0.03019045  0.02690762 -0.08091274 -0.03976738
 -0.03260099  0.00532396  0.04061517 -0.02475751 -0.03348483  0.01383061
 -0.00470573  0.03935186 -0.03144579 -0.03628759  0.04715764  0.02883062
 -0.01839535 -0.04782298 -0.01757146  0.08160115 -0.0689008  -0.02339734
  1.00421712  2.12579394  1.72349995]
Best fitness in all:
1.0971298876211224e-07
