Best in last gen:
[-0.15205339  0.05833144  0.02623059  0.15365819 -0.16763953  0.01856194
 -0.08826276 -0.09209418 -0.08277482 -0.01248678  0.03991852  0.05039631
 -0.0915869   0.06998928 -0.07655669  0.05409245  0.03620581 -0.06629652
 -0.0745405   0.17374335  0.09567198 -0.07203175 -0.07417904 -0.00342277
  1.04606011  2.65979296  1.25918989]
Best fitness in last gen:
8.948073297539375e-08

Best in all:
[-0.15205339  0.05833144  0.02623059  0.15365819 -0.16763953  0.01856194
 -0.08826276 -0.09209418 -0.08277482 -0.01248678  0.03991852  0.05039631
 -0.0915869   0.06998928 -0.07655669  0.05409245  0.03620581 -0.06629652
 -0.0745405   0.17374335  0.09567198 -0.07203175 -0.07417904 -0.00342277
  1.04606011  2.65979296  1.25918989]
Best fitness in all:
8.948073297539375e-08
