Best in last gen:
[ 2.46455633e-02  6.40085066e-02 -8.43067452e-03 -4.94872051e-03
  2.36910098e-02 -3.85913181e-02 -5.09182507e-02  3.53942538e-03
  1.11007263e-01 -6.76081475e-02 -1.45492073e-02 -1.13893654e-02
 -4.68539002e-02 -4.32906653e-02  7.30466186e-04 -7.17293101e-04
 -2.68443284e-02 -1.08902516e-02 -6.01115687e-02 -4.17682482e-03
 -4.18282879e-02  3.04500535e-02 -2.46703573e-02  9.69200893e-03
 -1.69577370e-03  2.11265710e-02  2.31579914e-02  3.96475423e-02
 -3.22230551e-02 -1.39411174e-02  8.98052320e-03 -1.79968162e-02
  2.83461542e-02  5.80763454e-02  7.66136280e-03 -3.07865635e-02
  2.82438799e-03  2.22698297e-03  1.81356377e-02  7.42724795e-03
  2.32886542e-02 -4.67966683e-03  7.51825817e-03  9.01098311e-03
  6.67796376e-02 -4.25301753e-02 -3.04403450e-02 -1.80106541e-03
  1.01468495e+00  8.81803132e-01  9.84833739e-01]
Best fitness in last gen:
5.493817933682671e-08

Best in all:
[ 2.46455633e-02  6.40085066e-02 -8.43067452e-03 -4.94872051e-03
  2.36910098e-02 -3.85913181e-02 -5.09182507e-02  3.53942538e-03
  1.11007263e-01 -6.76081475e-02 -1.45492073e-02 -1.13893654e-02
 -4.68539002e-02 -4.32906653e-02  7.30466186e-04 -7.17293101e-04
 -2.68443284e-02 -1.08902516e-02 -6.01115687e-02 -4.17682482e-03
 -4.18282879e-02  3.04500535e-02 -2.46703573e-02  9.69200893e-03
 -1.69577370e-03  2.11265710e-02  2.31579914e-02  3.96475423e-02
 -3.22230551e-02 -1.39411174e-02  8.98052320e-03 -1.79968162e-02
  2.83461542e-02  5.80763454e-02  7.66136280e-03 -3.07865635e-02
  2.82438799e-03  2.22698297e-03  1.81356377e-02  7.42724795e-03
  2.32886542e-02 -4.67966683e-03  7.51825817e-03  9.01098311e-03
  6.67796376e-02 -4.25301753e-02 -3.04403450e-02 -1.80106541e-03
  1.01468495e+00  8.81803132e-01  9.84833739e-01]
Best fitness in all:
5.493817933682671e-08
