Best in last gen:
[-1.99681341e-02  1.18288973e-02  5.39138229e-03 -1.57142867e-02
  1.51505991e-02 -5.79887769e-03  2.60113979e-02  4.35842307e-03
 -1.62442729e-02 -5.17786607e-04 -1.21418614e-02  6.53155154e-03
 -1.33484132e-02  1.76437278e-02  1.96852555e-02 -7.45012225e-03
 -3.62104040e-02  1.77038010e-02  6.33962036e-03  1.59890962e-02
 -1.08432134e-02 -2.85211699e-02  1.41070131e-02 -1.61199213e-02
  8.61035235e-03 -1.54714800e-02  2.15943968e-02 -6.20722457e-03
 -1.41631729e-02 -2.51049741e-02  1.54894829e-02 -3.82185682e-04
  3.21603701e-02 -2.67457808e-03 -7.99515574e-03 -1.89012098e-02
  3.23137540e-02 -2.36513434e-02  6.43382111e-03  2.15321431e-04
 -1.32446803e-03 -1.50767279e-02 -2.97851204e-02 -2.41843481e-02
  3.26458012e-03 -3.90886643e-02  4.35077959e-02  5.19610593e-03
  9.67289970e-01  5.04738686e-01  1.29254955e+00]
Best fitness in last gen:
5.113548824360264e-08

Best in all:
[-1.99681341e-02  1.18288973e-02  5.39138229e-03 -1.57142867e-02
  1.51505991e-02 -5.79887769e-03  2.60113979e-02  4.35842307e-03
 -1.62442729e-02 -5.17786607e-04 -1.21418614e-02  6.53155154e-03
 -1.33484132e-02  1.76437278e-02  1.96852555e-02 -7.45012225e-03
 -3.62104040e-02  1.77038010e-02  6.33962036e-03  1.59890962e-02
 -1.08432134e-02 -2.85211699e-02  1.41070131e-02 -1.61199213e-02
  8.61035235e-03 -1.54714800e-02  2.15943968e-02 -6.20722457e-03
 -1.41631729e-02 -2.51049741e-02  1.54894829e-02 -3.82185682e-04
  3.21603701e-02 -2.67457808e-03 -7.99515574e-03 -1.89012098e-02
  3.23137540e-02 -2.36513434e-02  6.43382111e-03  2.15321431e-04
 -1.32446803e-03 -1.50767279e-02 -2.97851204e-02 -2.41843481e-02
  3.26458012e-03 -3.90886643e-02  4.35077959e-02  5.19610593e-03
  9.67289970e-01  5.04738686e-01  1.29254955e+00]
Best fitness in all:
5.113548824360264e-08
