Best in last gen:
[-0.06162984 -0.03370035  0.00581124 -0.10275486  0.07022852  0.03991613
  0.00247937  0.00313307 -0.1650275   0.14146169  0.01905229 -0.04310446
  0.14655036 -0.06363145  0.03017071  0.07872971 -0.05663906 -0.04731552
  0.07656904 -0.02142571  0.02323381  0.02601946  0.12909873 -0.01566423
  0.9602389   1.19619213  1.10791848]
Best fitness in last gen:
3.2547786566715292e-06

Best in all:
[-0.06162984 -0.03370035  0.00581124 -0.10275486  0.07022852  0.03991613
  0.00247937  0.00313307 -0.1650275   0.14146169  0.01905229 -0.04310446
  0.14655036 -0.06363145  0.03017071  0.07872971 -0.05663906 -0.04731552
  0.07656904 -0.02142571  0.02323381  0.02601946  0.12909873 -0.01566423
  0.9602389   1.19619213  1.10791848]
Best fitness in all:
3.2547786566715292e-06