Best in last gen:
[ 4.93221917e-03 -1.85799851e-02  5.84164264e-03  1.83831208e-03
 -5.66936252e-03  1.53722476e-02  5.32643485e-04  1.48972855e-02
 -1.54368871e-02  9.99076515e-03 -8.61114992e-03  6.79826944e-03
  3.17946263e-02  2.40029235e-02 -8.45266290e-02  1.98214363e-03
  1.29200361e-02 -6.10920344e-02  1.54214652e-02  5.57742466e-03
  2.54817119e-03  1.02374903e-02  1.28379682e-02  6.06275949e-03
 -2.76099689e-02 -1.16954690e-02 -2.06475435e-02 -9.02531613e-03
  1.36675490e-02 -5.68929847e-03 -1.07513218e-02  4.56862428e-03
  5.00311400e-02  9.90570598e-03 -2.01304517e-02 -7.63315358e-03
 -3.37765152e-02  3.18321980e-03  9.14634975e-03 -1.17658006e-02
  6.20306278e-03 -1.71938306e-02 -1.19692879e-02 -1.41743495e-01
 -2.02248817e-03 -2.43221155e-02  3.26656281e-03 -4.94764148e-02
  9.98079225e-03 -6.26604953e-03 -6.85278212e-04 -7.18090780e-03
 -6.55189950e-02 -3.43942049e-03  3.25502220e-02  6.01797292e-03
 -7.58101829e-03  5.80100237e-02  2.36681906e-02  4.42623786e-03
  8.60543624e-03 -1.45187787e-03  6.56148178e-03  1.24600784e-02
 -3.20416475e-03 -6.55817826e-03  7.13331317e-03 -2.74003742e-02
 -1.69799700e-03  9.07305627e-03 -1.29116372e-02 -1.97670903e-02
  3.09927858e-02  1.37241551e-02 -8.56616674e-03  8.57729725e-03
  7.56474193e-02 -1.96326854e-03  1.05779071e-02  5.85170051e-03
  1.00141614e+00  1.77127321e+00  8.03428378e-01]
Best fitness in last gen:
2.810622845749329e-07

Best in all:
[ 4.93221917e-03 -1.85799851e-02  5.84164264e-03  1.83831208e-03
 -5.66936252e-03  1.53722476e-02  5.32643485e-04  1.48972855e-02
 -1.54368871e-02  9.99076515e-03 -8.61114992e-03  6.79826944e-03
  3.17946263e-02  2.40029235e-02 -8.45266290e-02  1.98214363e-03
  1.29200361e-02 -6.10920344e-02  1.54214652e-02  5.57742466e-03
  2.54817119e-03  1.02374903e-02  1.28379682e-02  6.06275949e-03
 -2.76099689e-02 -1.16954690e-02 -2.06475435e-02 -9.02531613e-03
  1.36675490e-02 -5.68929847e-03 -1.07513218e-02  4.56862428e-03
  5.00311400e-02  9.90570598e-03 -2.01304517e-02 -7.63315358e-03
 -3.37765152e-02  3.18321980e-03  9.14634975e-03 -1.17658006e-02
  6.20306278e-03 -1.71938306e-02 -1.19692879e-02 -1.41743495e-01
 -2.02248817e-03 -2.43221155e-02  3.26656281e-03 -4.94764148e-02
  9.98079225e-03 -6.26604953e-03 -6.85278212e-04 -7.18090780e-03
 -6.55189950e-02 -3.43942049e-03  3.25502220e-02  6.01797292e-03
 -7.58101829e-03  5.80100237e-02  2.36681906e-02  4.42623786e-03
  8.60543624e-03 -1.45187787e-03  6.56148178e-03  1.24600784e-02
 -3.20416475e-03 -6.55817826e-03  7.13331317e-03 -2.74003742e-02
 -1.69799700e-03  9.07305627e-03 -1.29116372e-02 -1.97670903e-02
  3.09927858e-02  1.37241551e-02 -8.56616674e-03  8.57729725e-03
  7.56474193e-02 -1.96326854e-03  1.05779071e-02  5.85170051e-03
  1.00141614e+00  1.77127321e+00  8.03428378e-01]
Best fitness in all:
2.810622845749329e-07

Initial parameters
population size = 400
number of generations = 10000
Real number of generations = 10000
elitism = 2
crossover_rate = 0.95
mutation rate = 0.007
mutation range = 0.2
order = 4
gene ranges = ((-0.1, 0.1), (0.97, 1.03), (1.4705882352941178, 2.0833333333333335), (0.7352941176470588, 0.8620689655172414))
