Best in last gen:
[ 8.04378827e-03 -1.22993333e-02 -3.72599042e-03  3.46675705e-02
  3.18516651e-03  2.49776321e-02 -9.67988953e-03 -9.45762295e-03
  3.25953402e-04 -1.10570247e-02 -8.12274501e-02 -6.80554306e-03
  3.13551962e-02 -1.53172599e-04 -6.22804912e-03  5.03898007e-03
  1.22369898e-03 -1.60339337e-02 -3.79126679e-03 -1.04102572e-02
  1.07248040e-02 -2.04861648e-02 -2.07086694e-02 -7.45684334e-03
 -2.86738361e-03  2.00919944e-02  6.22302438e-03  4.04066593e-03
  1.18496838e-03  4.95586940e-03  1.43195487e-03  1.03456959e-02
  4.33486607e-03  2.19621045e-02  1.09751295e-02  8.43078934e-04
  1.56863299e-02 -2.00887418e-02  4.70879643e-04  2.69260400e-03
 -2.34055412e-02 -3.68335741e-03 -3.96276922e-02  1.61124825e-02
 -1.03576770e-02  2.65744043e-02  2.20358163e-02  5.37385139e-03
  1.00349567e+00  5.23102593e-01  1.25808007e+00]
Best fitness in last gen:
4.4146932311948566e-08

Best in all:
[ 8.04378827e-03 -1.22993333e-02 -3.72599042e-03  3.46675705e-02
  3.18516651e-03  2.49776321e-02 -9.67988953e-03 -9.45762295e-03
  3.25953402e-04 -1.10570247e-02 -8.12274501e-02 -6.80554306e-03
  3.13551962e-02 -1.53172599e-04 -6.22804912e-03  5.03898007e-03
  1.22369898e-03 -1.60339337e-02 -3.79126679e-03 -1.04102572e-02
  1.07248040e-02 -2.04861648e-02 -2.07086694e-02 -7.45684334e-03
 -2.86738361e-03  2.00919944e-02  6.22302438e-03  4.04066593e-03
  1.18496838e-03  4.95586940e-03  1.43195487e-03  1.03456959e-02
  4.33486607e-03  2.19621045e-02  1.09751295e-02  8.43078934e-04
  1.56863299e-02 -2.00887418e-02  4.70879643e-04  2.69260400e-03
 -2.34055412e-02 -3.68335741e-03 -3.96276922e-02  1.61124825e-02
 -1.03576770e-02  2.65744043e-02  2.20358163e-02  5.37385139e-03
  1.00349567e+00  5.23102593e-01  1.25808007e+00]
Best fitness in all:
4.4146932311948566e-08
