Best in last gen:
[ 0.06235585  0.01160111 -0.10318048  0.03033637 -0.02795099 -0.03695862
  0.04888399  0.01346255 -0.09273835 -0.06667172 -0.04867101  0.03203583
 -0.12836056  0.10628952 -0.07404414  0.13556942 -0.0429869  -0.07082398
 -0.06173937 -0.0095901   0.12405501 -0.09901574  0.08877101  0.00482391
  0.99518155  2.73625994  1.30891443]
Best fitness in last gen:
7.87011416083174e-08

Best in all:
[ 0.06235585  0.01160111 -0.10318048  0.03033637 -0.02795099 -0.03695862
  0.04888399  0.01346255 -0.09273835 -0.06667172 -0.04867101  0.03203583
 -0.12836056  0.10628952 -0.07404414  0.13556942 -0.0429869  -0.07082398
 -0.06173937 -0.0095901   0.12405501 -0.09901574  0.08877101  0.00482391
  0.99518155  2.73625994  1.30891443]
Best fitness in all:
7.87011416083174e-08
