Best in last gen:
[-2.51754148e-02  6.75210532e-03 -2.62200888e-02 -2.99160943e-02
  6.72338616e-03  3.93618454e-03  1.84519369e-02  6.01934280e-03
  1.79873712e-02 -1.64717526e-03  1.97780544e-02  1.46549342e-02
 -5.35491307e-03 -2.01878177e-02  6.41812395e-02  2.02049315e-03
  2.97025932e-02 -9.48888265e-03  3.29376503e-03 -2.41566427e-02
 -2.29202971e-02 -1.47114189e-02  1.69340083e-03  3.98492834e-03
  3.54737861e-02  2.42763749e-02  1.09842401e-02 -4.94721834e-02
 -5.70773156e-02 -2.15836055e-02 -3.59368252e-02 -1.67558397e-03
 -8.07040016e-03 -2.21089610e-02 -8.87717885e-03  2.14067396e-02
 -2.48665679e-03 -1.99440047e-02 -9.77889794e-03 -2.20903816e-02
  1.73775309e-02  1.17910527e-02 -7.55874138e-03  6.84069758e-04
  4.80323060e-02  3.19867596e-02 -3.64043891e-03 -1.37693157e-02
  1.00796030e+00  1.50297864e+00  5.28743835e-01]
Best fitness in last gen:
5.16913799917245e-08

Best in all:
[-2.51754148e-02  6.75210532e-03 -2.62200888e-02 -2.99160943e-02
  6.72338616e-03  3.93618454e-03  1.84519369e-02  6.01934280e-03
  1.79873712e-02 -1.64717526e-03  1.97780544e-02  1.46549342e-02
 -5.35491307e-03 -2.01878177e-02  6.41812395e-02  2.02049315e-03
  2.97025932e-02 -9.48888265e-03  3.29376503e-03 -2.41566427e-02
 -2.29202971e-02 -1.47114189e-02  1.69340083e-03  3.98492834e-03
  3.54737861e-02  2.42763749e-02  1.09842401e-02 -4.94721834e-02
 -5.70773156e-02 -2.15836055e-02 -3.59368252e-02 -1.67558397e-03
 -8.07040016e-03 -2.21089610e-02 -8.87717885e-03  2.14067396e-02
 -2.48665679e-03 -1.99440047e-02 -9.77889794e-03 -2.20903816e-02
  1.73775309e-02  1.17910527e-02 -7.55874138e-03  6.84069758e-04
  4.80323060e-02  3.19867596e-02 -3.64043891e-03 -1.37693157e-02
  1.00796030e+00  1.50297864e+00  5.28743835e-01]
Best fitness in all:
5.16913799917245e-08
