Best in last gen:
[ 0.04902288  0.03388589 -0.134434   -0.00232237 -0.01914057  0.04804331
  0.03213431  0.18415883  0.03497863  0.12881583  0.05272841 -0.03984044
  0.10054501  0.1042668   0.09453251  0.15885119  0.02392753  0.1177379
  0.12624984  0.0621202   0.05643867 -0.09451646 -0.07896845  0.02557833
  0.9628105   1.13291916  0.57844067]
Best fitness in last gen:
3.5673057615432124e-09

Best in all:
[ 0.04902288  0.03388589 -0.134434   -0.00232237 -0.01914057  0.04804331
  0.03213431  0.18415883  0.03497863  0.12881583  0.05272841 -0.03984044
  0.10054501  0.1042668   0.09453251  0.15885119  0.02392753  0.1177379
  0.12624984  0.0621202   0.05643867 -0.09451646 -0.07896845  0.02557833
  0.9628105   1.13291916  0.57844067]
Best fitness in all:
3.5673057615432124e-09