Best in last gen:
[ 0.02253109 -0.00412767  0.08128034  0.08994582  0.05581569 -0.15746905
  0.06705854 -0.06296601  0.1446693   0.02093628 -0.14433013 -0.10677142
 -0.10461814 -0.13744571  0.05224213  0.2         0.17459567 -0.03988187
 -0.11262396  0.05150222 -0.05938404  0.08247786  0.03832338  0.09992541
  1.00678984  1.76040082  2.91842112]
Best fitness in last gen:
9.671337898870297e-08

Best in all:
[ 0.0152334   0.01936659  0.05926815  0.10924553  0.04059987 -0.11859219
  0.05642163 -0.05955138  0.1506529   0.02163317 -0.14475754 -0.10106148
 -0.10253622 -0.13081561  0.05202359  0.13110853  0.15210888 -0.03695774
 -0.11162037  0.06456724 -0.06528587  0.07699679  0.04575213  0.0981196
  0.99735098  1.75747098  2.92918521]
Best fitness in all:
4.325422091140177e-08