Best in last gen:
[-2.34691731e-02 -6.40084876e-03 -2.30390633e-03 -3.40708085e-03
  1.33611615e-02  2.82790203e-02  5.80727140e-03  1.27879217e-02
 -8.62858299e-03  1.16058877e-03 -1.77388999e-02  2.64030927e-03
  4.13825648e-03  7.50041871e-03  8.29760901e-03 -2.31395897e-03
  1.64498782e-02  2.12153693e-02  2.99748147e-02 -6.94629619e-03
  3.64011132e-03  2.80302560e-02  2.11772511e-02  2.53625817e-03
 -7.62922007e-03  1.70884674e-03 -1.77344864e-02  1.82282320e-02
  1.24740004e-02  1.93011142e-02 -5.69138312e-03 -2.00646712e-02
 -6.10939363e-03 -1.91333436e-02 -9.48564139e-03  1.53637351e-03
 -2.59200761e-02  1.83174053e-02  2.64163661e-02  5.28720726e-03
 -1.11100673e-02  1.60153114e-03  1.04186443e-03 -1.95931544e-02
  2.98768085e-02  7.38531327e-02 -2.09915496e-02 -9.04962534e-03
 -1.99385579e-02  2.28026121e-03  3.40722933e-02 -6.58083225e-03
  2.23440864e-02 -1.57163866e-02  1.59372638e-02  6.57733706e-03
 -1.76737199e-03  4.15837958e-03 -2.85584025e-03 -1.16601238e-02
  3.42882410e-02 -2.27181983e-02  1.03897344e-02 -2.90775178e-02
  2.47739582e-03  1.32897258e-02  7.96248579e-03 -1.89959069e-02
 -2.72939796e-03  3.24655436e-02  4.18803134e-04 -1.43874395e-02
 -1.04628941e-02  1.25108398e-02 -6.30600878e-03  4.25742660e-03
 -1.74634135e-02 -6.76839106e-03 -3.02777043e-03 -2.06083988e-02
  9.95545183e-01  7.87765334e-01  1.41871341e+00]
Best fitness in last gen:
7.949169349369458e-08

Best in all:
[-2.34691731e-02 -6.40084876e-03 -2.30390633e-03 -3.40708085e-03
  1.33611615e-02  2.82790203e-02  5.80727140e-03  1.27879217e-02
 -8.62858299e-03  1.16058877e-03 -1.77388999e-02  2.64030927e-03
  4.13825648e-03  7.50041871e-03  8.29760901e-03 -2.31395897e-03
  1.64498782e-02  2.12153693e-02  2.99748147e-02 -6.94629619e-03
  3.64011132e-03  2.80302560e-02  2.11772511e-02  2.53625817e-03
 -7.62922007e-03  1.70884674e-03 -1.77344864e-02  1.82282320e-02
  1.24740004e-02  1.93011142e-02 -5.69138312e-03 -2.00646712e-02
 -6.10939363e-03 -1.91333436e-02 -9.48564139e-03  1.53637351e-03
 -2.59200761e-02  1.83174053e-02  2.64163661e-02  5.28720726e-03
 -1.11100673e-02  1.60153114e-03  1.04186443e-03 -1.95931544e-02
  2.98768085e-02  7.38531327e-02 -2.09915496e-02 -9.04962534e-03
 -1.99385579e-02  2.28026121e-03  3.40722933e-02 -6.58083225e-03
  2.23440864e-02 -1.57163866e-02  1.59372638e-02  6.57733706e-03
 -1.76737199e-03  4.15837958e-03 -2.85584025e-03 -1.16601238e-02
  3.42882410e-02 -2.27181983e-02  1.03897344e-02 -2.90775178e-02
  2.47739582e-03  1.32897258e-02  7.96248579e-03 -1.89959069e-02
 -2.72939796e-03  3.24655436e-02  4.18803134e-04 -1.43874395e-02
 -1.04628941e-02  1.25108398e-02 -6.30600878e-03  4.25742660e-03
 -1.74634135e-02 -6.76839106e-03 -3.02777043e-03 -2.06083988e-02
  9.95545183e-01  7.87765334e-01  1.41871341e+00]
Best fitness in all:
7.949169349369458e-08

Initial parameters
population size = 400
number of generations = 10
Real number of generations = 10
elitism = 2
crossover_rate = 0.95
mutation rate = 0.007
mutation range = 0.1
order = 4
gene ranges = ((-0.2, 0.2), (0.95, 1.05), (0.7, 0.9), (1.33, 1.53))
