Best in last gen:
[ 0.03070538 -0.01021019 -0.01397155  0.12720321  0.0289737   0.10084171
 -0.08399876  0.11322888 -0.15762666 -0.05073427  0.0286159   0.12663024
 -0.10753041 -0.03189278  0.14137782  0.09262235 -0.05140635  0.02704502
 -0.06913591  0.14811265 -0.13841083  0.08838442  0.01022397  0.14954841
  0.99292588  2.15601717  0.72029399]
Best fitness in last gen:
1.1954089134043881e-08

Best in all:
[ 0.03070538 -0.01021019 -0.01397155  0.12720321  0.0289737   0.10084171
 -0.08399876  0.11322888 -0.15762666 -0.05073427  0.0286159   0.12663024
 -0.10753041 -0.03189278  0.14137782  0.09262235 -0.05140635  0.02704502
 -0.06913591  0.14811265 -0.13841083  0.08838442  0.01022397  0.14954841
  0.99292588  2.15601717  0.72029399]
Best fitness in all:
1.1954089134043881e-08
