Best in last gen:
[ 4.25071195e-02  6.54568261e-03 -1.27380221e-02  8.41777043e-02
  3.26387459e-02  1.04234317e-01 -3.78487889e-02 -6.60779731e-03
  3.44493207e-02  3.56437123e-05 -2.09692529e-03 -2.68095535e-02
  1.18592690e-02  4.66507665e-02  6.96595432e-02  1.63471085e-02
  1.19448407e-03  1.55225900e-01 -1.44621030e-02  3.08495778e-02
  6.23024596e-02  9.21853548e-03  2.38949657e-02 -5.00381652e-03
  9.84331558e-01  1.28686266e+00  2.69864073e+00]
Best fitness in last gen:
2.6593195296968606e-07

Best in all:
[ 4.25071195e-02  6.54568261e-03 -1.27380221e-02  8.41777043e-02
  3.26387459e-02  1.04234317e-01 -3.78487889e-02 -6.60779731e-03
  3.44493207e-02  3.56437123e-05 -2.09692529e-03 -2.68095535e-02
  1.18592690e-02  4.66507665e-02  6.96595432e-02  1.63471085e-02
  1.19448407e-03  1.55225900e-01 -1.44621030e-02  3.08495778e-02
  6.23024596e-02  9.21853548e-03  2.38949657e-02 -5.00381652e-03
  9.84331558e-01  1.28686266e+00  2.69864073e+00]
Best fitness in all:
2.6593195296968606e-07
