Best in last gen:
[-1.38627018e-01  1.15361204e-01 -1.41916771e-01  2.48717366e-02
 -9.26704080e-02 -5.56353206e-02 -4.59787327e-02  9.28189800e-02
 -1.55993786e-01 -4.08139134e-02 -9.55405615e-02 -8.78448211e-05
 -2.49400626e-02  5.23316775e-02 -2.86908508e-02 -3.89916668e-02
 -1.41001045e-01 -3.03025533e-02 -7.92559224e-02  9.42518131e-03
 -2.18422343e-02  1.09865305e-01 -1.36477522e-01 -6.53753078e-02
  1.05242398e+00  3.17537290e-01  2.21458652e+00]
Best fitness in last gen:
4.7445504721589786e-09

Best in all:
[-1.38627018e-01  1.15361204e-01 -1.41916771e-01  2.48717366e-02
 -9.26704080e-02 -5.56353206e-02 -4.59787327e-02  9.28189800e-02
 -1.55993786e-01 -4.08139134e-02 -9.55405615e-02 -8.78448211e-05
 -2.49400626e-02  5.23316775e-02 -2.86908508e-02 -3.89916668e-02
 -1.41001045e-01 -3.03025533e-02 -7.92559224e-02  9.42518131e-03
 -2.18422343e-02  1.09865305e-01 -1.36477522e-01 -6.53753078e-02
  1.05242398e+00  3.17537290e-01  2.21458652e+00]
Best fitness in all:
4.7445504721589786e-09