Best in last gen:
[-1.91078904e-02  9.79651257e-03 -1.94632320e-02 -1.65186789e-02
  6.29311110e-03 -5.72436275e-02  4.74044531e-02  9.45667299e-03
 -5.83494666e-02  1.05797588e-02  4.06991283e-02 -2.01768356e-02
  4.53490659e-03 -1.57843364e-03 -1.67348406e-03  2.87748925e-02
 -4.91773286e-03  2.55284146e-02  2.58585378e-02  5.07657081e-02
 -3.05411088e-02 -9.10501446e-03 -6.50568166e-02 -1.88430357e-02
 -2.39969338e-02  1.57860532e-02  2.53540088e-02 -7.58809294e-02
  1.16915025e-02 -4.61416445e-02  1.63013170e-02  4.97519131e-03
 -3.54506863e-02 -2.19483109e-02 -1.86786310e-02 -1.76787781e-04
 -1.85619203e-02  2.56208825e-02 -1.12866401e-03 -7.51191074e-03
  2.74089018e-03  1.12876072e-02 -4.56448516e-02  1.88264928e-02
 -1.00910569e-03  2.27660776e-02 -3.44499012e-04  1.10557159e-02
  1.01547815e+00  1.23480484e+00  5.22140843e-01]
Best fitness in last gen:
1.8936693867821067e-07

Best in all:
[-1.91078904e-02  9.79651257e-03 -1.94632320e-02 -1.65186789e-02
  6.29311110e-03 -5.72436275e-02  4.74044531e-02  9.45667299e-03
 -5.83494666e-02  1.05797588e-02  4.06991283e-02 -2.01768356e-02
  4.53490659e-03 -1.57843364e-03 -1.67348406e-03  2.87748925e-02
 -4.91773286e-03  2.55284146e-02  2.58585378e-02  5.07657081e-02
 -3.05411088e-02 -9.10501446e-03 -6.50568166e-02 -1.88430357e-02
 -2.39969338e-02  1.57860532e-02  2.53540088e-02 -7.58809294e-02
  1.16915025e-02 -4.61416445e-02  1.63013170e-02  4.97519131e-03
 -3.54506863e-02 -2.19483109e-02 -1.86786310e-02 -1.76787781e-04
 -1.85619203e-02  2.56208825e-02 -1.12866401e-03 -7.51191074e-03
  2.74089018e-03  1.12876072e-02 -4.56448516e-02  1.88264928e-02
 -1.00910569e-03  2.27660776e-02 -3.44499012e-04  1.10557159e-02
  1.01547815e+00  1.23480484e+00  5.22140843e-01]
Best fitness in all:
1.8936693867821067e-07
