Best in last gen:
[-0.0193809   0.02674697 -0.02006979  0.0134196   0.02254691 -0.04708602
  0.01600097  0.03833492 -0.009939   -0.06538716  0.04003172  0.01662697
 -0.00377268 -0.06267924 -0.00798924  0.06725387 -0.00495091 -0.01360274
 -0.03558883 -0.02689081 -0.03767335  0.05622471  0.01005126 -0.00765099
  0.02069992 -0.03030804  0.06355958 -0.02007061 -0.03081239 -0.02960356
  0.00597622 -0.03092412  0.048814   -0.06923582  0.00814066  0.05369962
 -0.0138073   0.00687891 -0.01835662  0.0599461  -0.03595657  0.01452564
 -0.06345856  0.01354668 -0.00311658 -0.01349836 -0.00317533  0.02204765
  0.99434418  0.86399747  1.32033175]
Best fitness in last gen:
0.08854908243897584

Best in all:
[-0.0193809   0.02674697 -0.02006979  0.0134196   0.02254691 -0.04708602
  0.01600097  0.03833492 -0.009939   -0.06538716  0.04003172  0.01662697
 -0.00377268 -0.06267924 -0.00798924  0.06725387 -0.00495091 -0.01360274
 -0.03558883 -0.02689081 -0.03767335  0.05622471  0.01005126 -0.00765099
  0.02069992 -0.03030804  0.06355958 -0.02007061 -0.03081239 -0.02960356
  0.00597622 -0.03092412  0.048814   -0.06923582  0.00814066  0.05369962
 -0.0138073   0.00687891 -0.01835662  0.0599461  -0.03595657  0.01452564
 -0.06345856  0.01354668 -0.00311658 -0.01349836 -0.00317533  0.02204765
  0.99434418  0.86399747  1.32033175]
Best fitness in all:
0.08854908243897584

Initial parameters
population size = 200
number of generations = 10
Real number of generations = 10
elitism = 1
crossover_rate = 0.95
mutation rate = 0.01
mutation range = 0.1
order = 3
gene ranges = ((-0.2, 0.2), (0.95, 1.05), (0.7, 1), (1.25, 1.45))
