Best in last gen:
[-2.38924476e-02 -8.45624116e-02  1.27778756e-01 -7.17342990e-03
 -2.03028828e-03  8.27792117e-02  2.38040885e-02 -2.40754078e-02
 -7.07945938e-03 -3.83338270e-02  2.49308558e-02  6.62628277e-03
 -3.29745643e-03 -5.16525333e-02 -8.06444616e-02 -1.04476415e-02
 -3.46935462e-02  5.69185324e-02 -1.45800665e-02 -1.03676993e-01
 -1.10438265e-02 -6.66326749e-02 -1.80076205e-02 -5.93124799e-02
  1.05920881e+00  1.25086875e+00  3.28880538e+00]
Best fitness in last gen:
5.375185200494054e-08

Best in all:
[-2.38924476e-02 -8.45624116e-02  1.27778756e-01 -7.17342990e-03
 -2.03028828e-03  8.27792117e-02  2.38040885e-02 -2.40754078e-02
 -7.07945938e-03 -3.83338270e-02  2.49308558e-02  6.62628277e-03
 -3.29745643e-03 -5.16525333e-02 -8.06444616e-02 -1.04476415e-02
 -3.46935462e-02  5.69185324e-02 -1.45800665e-02 -1.03676993e-01
 -1.10438265e-02 -6.66326749e-02 -1.80076205e-02 -5.93124799e-02
  1.05920881e+00  1.25086875e+00  3.28880538e+00]
Best fitness in all:
5.375185200494054e-08