Best in last gen:
[ 0.02212996  0.00762733 -0.02180753 -0.00809402  0.03296715  0.03379572
 -0.00422394 -0.01161758 -0.01021044 -0.01715789 -0.00652721 -0.02685848
 -0.01394572 -0.00556249 -0.01978948  0.01255057 -0.01704749  0.02022143
 -0.05297166  0.00178304  0.01299831  0.05046896  0.0114497  -0.0215558
 -0.02500097 -0.00612246  0.01671324 -0.03013573 -0.06648205  0.0186077
  0.01785179 -0.00327094  0.00742788 -0.03376185  0.01416836 -0.05663058
  0.00307273  0.00373657 -0.00891043  0.0295652  -0.00166541 -0.01434736
  0.02589307 -0.00429962  0.04499664 -0.01252984  0.01825621  0.0311528
  0.98678463  0.85408871  0.54121462]
Best fitness in last gen:
0.07552096955410607

Best in all:
[ 0.02212996  0.00762733 -0.02180753 -0.00809402  0.03296715  0.03379572
 -0.00422394 -0.01161758 -0.01021044 -0.01715789 -0.00652721 -0.02685848
 -0.01394572 -0.00556249 -0.01978948  0.01255057 -0.01704749  0.02022143
 -0.05297166  0.00178304  0.01299831  0.05046896  0.0114497  -0.0215558
 -0.02500097 -0.00612246  0.01671324 -0.03013573 -0.06648205  0.0186077
  0.01785179 -0.00327094  0.00742788 -0.03376185  0.01416836 -0.05663058
  0.00307273  0.00373657 -0.00891043  0.0295652  -0.00166541 -0.01434736
  0.02589307 -0.00429962  0.04499664 -0.01252984  0.01825621  0.0311528
  0.98678463  0.85408871  0.54121462]
Best fitness in all:
0.07552096955410607

Initial parameters
population size = 200
number of generations = 10
Real number of generations = 10
elitism = 1
crossover_rate = 0.95
mutation rate = 0.01
mutation range = 0.1
order = 3
gene ranges = ((-0.2, 0.2), (0.95, 1.05), (0.75, 0.95), (0.43, 0.63))
