Best in last gen:
[ 2.47797161e-02 -1.61416921e-02 -9.40089905e-02 -8.99821603e-02
  5.84718082e-02 -2.13567560e-03  1.84385357e-02  8.57777973e-02
 -8.45456959e-02 -2.60658173e-02  6.45410201e-02  3.11214760e-02
 -2.14725085e-02  5.76229873e-02  6.77900907e-02 -1.15367361e-01
  2.11860645e-02 -2.82634582e-02  6.32046614e-02  5.42359615e-02
 -5.62238222e-02  1.56786233e-04  8.51795808e-02 -3.14852778e-02
  9.87222243e-01  1.96530500e+00  1.55306796e+00]
Best fitness in last gen:
1.5295085145300184e-07

Best in all:
[ 2.47797161e-02 -1.61416921e-02 -9.40089905e-02 -8.99821603e-02
  5.84718082e-02 -2.13567560e-03  1.84385357e-02  8.57777973e-02
 -8.45456959e-02 -2.60658173e-02  6.45410201e-02  3.11214760e-02
 -2.14725085e-02  5.76229873e-02  6.77900907e-02 -1.15367361e-01
  2.11860645e-02 -2.82634582e-02  6.32046614e-02  5.42359615e-02
 -5.62238222e-02  1.56786233e-04  8.51795808e-02 -3.14852778e-02
  9.87222243e-01  1.96530500e+00  1.55306796e+00]
Best fitness in all:
1.5295085145300184e-07
