Best in last gen:
[-0.01918108  0.04203778  0.01460964  0.11225151 -0.03600537  0.01867314
 -0.13256355 -0.05024646  0.0270516  -0.03965337 -0.0688836  -0.13286417
  0.14411717 -0.07607837  0.16643855  0.14904406  0.03678484  0.02350627
 -0.06133963 -0.06636392  0.16203738  0.05096272 -0.03891734  0.14092172
  0.91551307  0.93847417  1.12922814]
Best fitness in last gen:
2.3055913715718928e-09

Best in all:
[-0.01918108  0.04203778  0.01460964  0.11225151 -0.03600537  0.01867314
 -0.13256355 -0.05024646  0.0270516  -0.03965337 -0.0688836  -0.13286417
  0.14411717 -0.07607837  0.16643855  0.14904406  0.03678484  0.02350627
 -0.06133963 -0.06636392  0.16203738  0.05096272 -0.03891734  0.14092172
  0.91551307  0.93847417  1.12922814]
Best fitness in all:
2.3055913715718928e-09