Best in last gen:
[ 0.03775312 -0.18734122  0.19691057  0.09222891  0.0881224  -0.14993072
 -0.11257347  0.10227966 -0.05731571  0.16030179 -0.09732413  0.10000288
 -0.0935382  -0.12604099 -0.15671664  0.14362828  0.14672696 -0.13469711
  0.08496539 -0.00450236 -0.03274668 -0.03400128  0.01938082 -0.08958473
  0.99753994  1.74541933  0.91512706]
Best fitness in last gen:
1.7758187582429203e-09

Best in all:
[ 0.03775312 -0.18734122  0.19691057  0.09222891  0.0881224  -0.14993072
 -0.11257347  0.10227966 -0.05731571  0.16030179 -0.09732413  0.10000288
 -0.0935382  -0.12604099 -0.15671664  0.14362828  0.14672696 -0.13469711
  0.08496539 -0.00450236 -0.03274668 -0.03400128  0.01938082 -0.08958473
  0.99753994  1.74541933  0.91512706]
Best fitness in all:
1.7758187582429203e-09