Best in last gen:
[ 0.09667951 -0.07231054  0.02426264  0.01640322  0.03307841 -0.12566906
  0.11630404  0.07239268  0.11742688 -0.03643695 -0.03251862 -0.06055143
  0.07013545  0.1598875  -0.03218212 -0.03394662 -0.01030101 -0.01998144
 -0.03457717 -0.05219334  0.0686218  -0.17399092  0.00462184  0.02527226
 -0.00513458 -0.02963777 -0.09930514 -0.07193951 -0.10960351  0.01354511
 -0.0784544  -0.03355974 -0.16364517 -0.03023791  0.11233655 -0.00714257
  0.05261968  0.13492174  0.04497942 -0.05317462  0.04157988  0.00412821
 -0.02888987  0.07523841 -0.08547368 -0.12515165  0.04040711 -0.10894403
  0.94007563  0.91623743  1.28390248]
Best fitness in last gen:
1.3930931781427483e-08

Best in all:
[ 0.09667951 -0.07231054  0.02426264  0.01640322  0.03307841 -0.12566906
  0.11630404  0.07239268  0.11742688 -0.03643695 -0.03251862 -0.06055143
  0.07013545  0.1598875  -0.03218212 -0.03394662 -0.01030101 -0.01998144
 -0.03457717 -0.05219334  0.0686218  -0.17399092  0.00462184  0.02527226
 -0.00513458 -0.02963777 -0.09930514 -0.07193951 -0.10960351  0.01354511
 -0.0784544  -0.03355974 -0.16364517 -0.03023791  0.11233655 -0.00714257
  0.05261968  0.13492174  0.04497942 -0.05317462  0.04157988  0.00412821
 -0.02888987  0.07523841 -0.08547368 -0.12515165  0.04040711 -0.10894403
  0.94007563  0.91623743  1.28390248]
Best fitness in all:
1.3930931781427483e-08