Best in last gen:
[ 0.148598   -0.09458267  0.05868534  0.08946007 -0.08823749 -0.09677793
  0.11637563  0.01811268  0.06826006 -0.19845169  0.05788897  0.1495896
 -0.01241513 -0.12465204 -0.12750684  0.12561753  0.05994772  0.00929504
  0.04728919 -0.11841645  0.16255599  0.12275039  0.0413875  -0.1619053
  0.93014887  1.83550972  0.4231777 ]
Best fitness in last gen:
3.424840345745236e-09

Best in all:
[ 0.148598   -0.09458267  0.05868534  0.08946007 -0.08823749 -0.09677793
  0.11637563  0.01811268  0.06826006 -0.19845169  0.05788897  0.1495896
 -0.01241513 -0.12465204 -0.12750684  0.12561753  0.05994772  0.00929504
  0.04728919 -0.11841645  0.16255599  0.12275039  0.0413875  -0.1619053
  0.93014887  1.83550972  0.4231777 ]
Best fitness in all:
3.424840345745236e-09
