Best in last gen:
[-1.71129092e-02  1.80092037e-02 -1.21297927e-02  2.86902501e-02
  2.87559785e-03 -2.79143893e-03 -3.32508592e-02  1.62686208e-02
  3.53656131e-02  8.86103504e-02  1.94488977e-02  4.37496520e-02
 -2.17803780e-02  3.69288703e-02  2.10609604e-02  9.93502698e-03
 -4.52991755e-03  2.13275626e-03  4.86008610e-03 -7.73752563e-03
 -5.27195648e-03  5.33168889e-02  1.99716020e-02  3.53148891e-02
 -2.03750261e-02  1.27106955e-02 -1.35814153e-02  4.56261707e-02
  7.62126149e-03 -4.01145973e-02  3.11445476e-03  1.14120019e-02
 -2.74285232e-02  5.64425535e-02 -4.44942824e-03  9.57374274e-04
  4.54758925e-02  1.97694737e-02 -1.51518041e-02 -3.00291452e-04
 -1.12141850e-02 -2.74684036e-02 -1.46004164e-02  5.78434709e-03
 -4.76862256e-03 -1.32510885e-03  2.27338946e-02  2.11949515e-02
  1.00900613e+00  4.78144360e-01  1.22483047e+00]
Best fitness in last gen:
5.9599158944117905e-08

Best in all:
[-1.71129092e-02  1.80092037e-02 -1.21297927e-02  2.86902501e-02
  2.87559785e-03 -2.79143893e-03 -3.32508592e-02  1.62686208e-02
  3.53656131e-02  8.86103504e-02  1.94488977e-02  4.37496520e-02
 -2.17803780e-02  3.69288703e-02  2.10609604e-02  9.93502698e-03
 -4.52991755e-03  2.13275626e-03  4.86008610e-03 -7.73752563e-03
 -5.27195648e-03  5.33168889e-02  1.99716020e-02  3.53148891e-02
 -2.03750261e-02  1.27106955e-02 -1.35814153e-02  4.56261707e-02
  7.62126149e-03 -4.01145973e-02  3.11445476e-03  1.14120019e-02
 -2.74285232e-02  5.64425535e-02 -4.44942824e-03  9.57374274e-04
  4.54758925e-02  1.97694737e-02 -1.51518041e-02 -3.00291452e-04
 -1.12141850e-02 -2.74684036e-02 -1.46004164e-02  5.78434709e-03
 -4.76862256e-03 -1.32510885e-03  2.27338946e-02  2.11949515e-02
  1.00900613e+00  4.78144360e-01  1.22483047e+00]
Best fitness in all:
5.9599158944117905e-08
