Best in last gen:
[ 2.82505614e-03  2.02060679e-02 -5.07276850e-02 -3.02356886e-02
  5.20915586e-02 -4.55541670e-02 -1.74647261e-02  1.58823700e-02
 -1.25688082e-03 -2.07514906e-02  3.96948327e-03 -4.42460377e-02
 -3.24407056e-02  2.37424210e-02 -1.29017613e-02  1.19062376e-02
 -3.01996438e-03 -2.07666176e-03  4.90485346e-03 -1.34816848e-02
  4.29105918e-02 -2.25455618e-02  2.64924129e-02  3.66754424e-02
  3.24367612e-02 -3.12342406e-02  1.64411229e-02 -5.17881637e-02
  3.21441360e-02  1.24509761e-02  5.45592960e-03 -3.30649112e-02
 -3.44200646e-03  4.08485444e-02  2.36771330e-02  1.77327068e-02
  1.36908660e-02  2.71667053e-02  2.05114653e-02  1.99299594e-02
  1.90094131e-02 -1.80142566e-02 -2.99979890e-03  4.62064914e-02
  3.18480803e-03  2.37029419e-02  3.32298315e-02  2.60748647e-02
  1.01594291e+00  1.28308397e+00  5.14630080e-01]
Best fitness in last gen:
1.2515920072720516e-07

Best in all:
[ 2.82505614e-03  2.02060679e-02 -5.07276850e-02 -3.02356886e-02
  5.20915586e-02 -4.55541670e-02 -1.74647261e-02  1.58823700e-02
 -1.25688082e-03 -2.07514906e-02  3.96948327e-03 -4.42460377e-02
 -3.24407056e-02  2.37424210e-02 -1.29017613e-02  1.19062376e-02
 -3.01996438e-03 -2.07666176e-03  4.90485346e-03 -1.34816848e-02
  4.29105918e-02 -2.25455618e-02  2.64924129e-02  3.66754424e-02
  3.24367612e-02 -3.12342406e-02  1.64411229e-02 -5.17881637e-02
  3.21441360e-02  1.24509761e-02  5.45592960e-03 -3.30649112e-02
 -3.44200646e-03  4.08485444e-02  2.36771330e-02  1.77327068e-02
  1.36908660e-02  2.71667053e-02  2.05114653e-02  1.99299594e-02
  1.90094131e-02 -1.80142566e-02 -2.99979890e-03  4.62064914e-02
  3.18480803e-03  2.37029419e-02  3.32298315e-02  2.60748647e-02
  1.01594291e+00  1.28308397e+00  5.14630080e-01]
Best fitness in all:
1.2515920072720516e-07
