Best in last gen:
[ 0.04647611 -0.07539575  0.05539694  0.05401997 -0.02723933 -0.01200811
  0.11713274 -0.05539902 -0.04591526  0.10798793  0.01369398 -0.17181642
 -0.0213817   0.1402037  -0.13541686  0.02383784  0.06732397 -0.10770402
  0.07445341  0.08556538  0.10803985 -0.15305055 -0.0085827   0.01155092
  0.9298434   3.77059722  0.52922853]
Best fitness in last gen:
5.075984313734659e-09

Best in all:
[ 0.04647611 -0.07539575  0.05539694  0.05401997 -0.02723933 -0.01200811
  0.11713274 -0.05539902 -0.04591526  0.10798793  0.01369398 -0.17181642
 -0.0213817   0.1402037  -0.13541686  0.02383784  0.06732397 -0.10770402
  0.07445341  0.08556538  0.10803985 -0.15305055 -0.0085827   0.01155092
  0.9298434   3.77059722  0.52922853]
Best fitness in all:
5.075984313734659e-09
