Best in last gen:
[ 0.17754271  0.17555956  0.10160732 -0.13757796  0.0170349  -0.16981419
  0.14571992 -0.06239647  0.13692121 -0.00224712  0.0360215   0.0494084
  0.19263172  0.11945426 -0.08525949 -0.12492921 -0.16559985  0.2
 -0.10833342 -0.01294901 -0.04140154 -0.15825876  0.03404083 -0.02226676
  1.09029528  0.34165223  2.13240117]
Best fitness in last gen:
5.894346153560555e-09

Best in all:
[ 0.17754271  0.17555956  0.10160732 -0.13757796  0.0170349  -0.16981419
  0.14571992 -0.06239647  0.13692121 -0.00224712  0.0360215   0.0494084
  0.19263172  0.11945426 -0.08525949 -0.12492921 -0.16559985  0.2
 -0.10833342 -0.01294901 -0.04140154 -0.15825876  0.03404083 -0.02226676
  1.09029528  0.34165223  2.13240117]
Best fitness in all:
5.894346153560555e-09
