Best in last gen:
[-0.03199989 -0.12672334  0.08317586 -0.10447074 -0.11289563  0.03198403
 -0.14398342 -0.06412046 -0.07001453 -0.07683468 -0.03155887  0.10505788
 -0.00200541 -0.11933662  0.06505747  0.05520706  0.02736152  0.00828081
 -0.10268475 -0.10833665  0.05541267  0.00728035  0.131653    0.04870567
  0.9679541   1.9518027   1.56766156]
Best fitness in last gen:
2.2843564936265025e-09

Best in all:
[-0.03199989 -0.12672334  0.08317586 -0.10447074 -0.11289563  0.03198403
 -0.14398342 -0.06412046 -0.07001453 -0.07683468 -0.03155887  0.10505788
 -0.00200541 -0.11933662  0.06505747  0.05520706  0.02736152  0.00828081
 -0.10268475 -0.10833665  0.05541267  0.00728035  0.131653    0.04870567
  0.9679541   1.9518027   1.56766156]
Best fitness in all:
2.2843564936265025e-09