Best in last gen:
[-4.06634725e-03 -6.57567674e-03 -4.01523822e-03 -3.92308329e-03
 -1.23566990e-02  1.23757853e-02 -3.41126261e-02 -9.62077642e-03
 -3.04787870e-02  1.57684480e-02  2.37250444e-02  1.15317117e-02
 -1.45056472e-02 -5.32505168e-03 -2.14985960e-02  3.06942145e-03
  4.37582901e-03 -1.60082276e-02 -1.21375669e-04  7.57421188e-03
 -4.26076802e-02  1.95406939e-02 -1.48525722e-02 -5.62102133e-02
 -6.97538406e-04 -1.21750402e-02 -1.82190645e-02 -1.11980582e-02
 -1.20309243e-02  1.59706367e-02 -2.15171854e-02 -4.94410471e-02
 -3.01349547e-02  9.64389616e-03  8.93219951e-03 -4.95989484e-02
 -2.56568126e-02 -4.75892594e-03 -1.87919834e-02 -5.07867916e-03
  2.29985880e-02 -3.89427524e-03  1.82432754e-02 -8.63834210e-03
  2.22128507e-02 -4.02538841e-02 -1.80680722e-02  2.33236888e-02
  1.00361133e+00  1.26409490e+00  4.78909624e-01]
Best fitness in last gen:
6.23299937099564e-08

Best in all:
[-4.06634725e-03 -6.57567674e-03 -4.01523822e-03 -3.92308329e-03
 -1.23566990e-02  1.23757853e-02 -3.41126261e-02 -9.62077642e-03
 -3.04787870e-02  1.57684480e-02  2.37250444e-02  1.15317117e-02
 -1.45056472e-02 -5.32505168e-03 -2.14985960e-02  3.06942145e-03
  4.37582901e-03 -1.60082276e-02 -1.21375669e-04  7.57421188e-03
 -4.26076802e-02  1.95406939e-02 -1.48525722e-02 -5.62102133e-02
 -6.97538406e-04 -1.21750402e-02 -1.82190645e-02 -1.11980582e-02
 -1.20309243e-02  1.59706367e-02 -2.15171854e-02 -4.94410471e-02
 -3.01349547e-02  9.64389616e-03  8.93219951e-03 -4.95989484e-02
 -2.56568126e-02 -4.75892594e-03 -1.87919834e-02 -5.07867916e-03
  2.29985880e-02 -3.89427524e-03  1.82432754e-02 -8.63834210e-03
  2.22128507e-02 -4.02538841e-02 -1.80680722e-02  2.33236888e-02
  1.00361133e+00  1.26409490e+00  4.78909624e-01]
Best fitness in all:
6.23299937099564e-08
