Best in last gen:
[-0.04345551  0.00746714 -0.18203001 -0.14962088  0.04309174 -0.11585231
 -0.04738077  0.06548871 -0.16142168 -0.10330989  0.11959086  0.00349081
 -0.03242023 -0.12665274 -0.15679195  0.1652694   0.12311468 -0.11059315
 -0.18682503  0.1501084  -0.03832775 -0.12822846  0.04343681 -0.03736057
  0.90336339  0.74030896  0.29473346]
Best fitness in last gen:
1.0117308506358964e-08

Best in all:
[-0.04345551  0.00746714 -0.18203001 -0.14962088  0.04309174 -0.11585231
 -0.04738077  0.06548871 -0.16142168 -0.10330989  0.11959086  0.00349081
 -0.03242023 -0.12665274 -0.15679195  0.1652694   0.12311468 -0.11059315
 -0.18682503  0.1501084  -0.03832775 -0.12822846  0.04343681 -0.03736057
  0.90336339  0.74030896  0.29473346]
Best fitness in all:
1.0117308506358964e-08