Best in last gen:
[ 1.83806373e-02  2.21461061e-02 -3.74226437e-02 -1.85774249e-02
  7.19731387e-03  2.71621878e-02 -4.52964723e-02  6.36271536e-02
  1.09044112e-02 -4.88987640e-03 -4.04548733e-02  1.35151683e-02
  2.19438344e-02 -4.82017912e-03 -5.26849738e-03 -6.44229164e-03
 -2.84662817e-02  1.22330893e-02 -5.34137365e-02 -2.69577232e-02
  1.08879645e-02 -8.19836098e-03  9.39553760e-03  2.19050173e-02
  1.27541056e-02 -2.64025815e-02  3.44821095e-02 -2.27240436e-02
  5.28695598e-02 -1.57945540e-02  2.87878680e-02  8.52495562e-02
 -4.81571790e-02 -3.05330909e-02 -1.02163466e-01 -4.32794036e-03
  7.02505259e-03  2.18826961e-02  7.84814454e-04  2.51444548e-02
 -4.38342650e-02  2.81123461e-02  2.90359696e-02 -6.76290815e-02
  2.75298808e-02 -5.54550382e-03  1.75093771e-03 -7.72121676e-02
  1.00719230e+00  1.49505507e+00  5.24920160e-01]
Best fitness in last gen:
3.844698671465557e-07

Best in all:
[ 1.83806373e-02  2.21461061e-02 -3.74226437e-02 -1.85774249e-02
  7.19731387e-03  2.71621878e-02 -4.52964723e-02  6.36271536e-02
  1.09044112e-02 -4.88987640e-03 -4.04548733e-02  1.35151683e-02
  2.19438344e-02 -4.82017912e-03 -5.26849738e-03 -6.44229164e-03
 -2.84662817e-02  1.22330893e-02 -5.34137365e-02 -2.69577232e-02
  1.08879645e-02 -8.19836098e-03  9.39553760e-03  2.19050173e-02
  1.27541056e-02 -2.64025815e-02  3.44821095e-02 -2.27240436e-02
  5.28695598e-02 -1.57945540e-02  2.87878680e-02  8.52495562e-02
 -4.81571790e-02 -3.05330909e-02 -1.02163466e-01 -4.32794036e-03
  7.02505259e-03  2.18826961e-02  7.84814454e-04  2.51444548e-02
 -4.38342650e-02  2.81123461e-02  2.90359696e-02 -6.76290815e-02
  2.75298808e-02 -5.54550382e-03  1.75093771e-03 -7.72121676e-02
  1.00719230e+00  1.49505507e+00  5.24920160e-01]
Best fitness in all:
3.844698671465557e-07
