Best in last gen:
[-3.75831335e-02 -1.92976667e-01  4.80666375e-02  6.73080458e-02
 -5.75563755e-02 -8.05477962e-02  6.97373866e-02  1.49589810e-02
  1.80973508e-01  1.18674637e-01 -1.28833607e-02  7.99360925e-02
  8.00768553e-02 -2.22011411e-02  5.01485050e-02  2.77575969e-02
  1.12418505e-01 -2.75511079e-02  1.09579855e-01  2.47416950e-03
  2.61240805e-03 -2.24863254e-02  1.35393597e-01 -1.09598683e-01
  1.06130597e+00  1.47956935e+00  3.30895511e+00]
Best fitness in last gen:
1.0203742633225066e-08

Best in all:
[-3.75831335e-02 -1.92976667e-01  4.80666375e-02  6.73080458e-02
 -5.75563755e-02 -8.05477962e-02  6.97373866e-02  1.49589810e-02
  1.80973508e-01  1.18674637e-01 -1.28833607e-02  7.99360925e-02
  8.00768553e-02 -2.22011411e-02  5.01485050e-02  2.77575969e-02
  1.12418505e-01 -2.75511079e-02  1.09579855e-01  2.47416950e-03
  2.61240805e-03 -2.24863254e-02  1.35393597e-01 -1.09598683e-01
  1.06130597e+00  1.47956935e+00  3.30895511e+00]
Best fitness in all:
1.0203742633225066e-08
