Best in last gen:
[-1.23309634e-01 -1.11576713e-02  1.95290246e-02 -1.46028656e-02
  4.71898173e-02  4.94921147e-02  2.15305703e-02  4.63517560e-02
 -3.92447889e-02  3.14403814e-03 -4.35063012e-02  1.08678358e-01
 -2.07954110e-02 -5.33786006e-02 -3.46988651e-02 -5.63006942e-02
  5.26830788e-02  7.07703500e-03  5.82604154e-02  1.21051217e-01
  6.02229171e-02  1.15809233e-02 -1.55892676e-03  1.03338265e-01
  1.05840249e+00  1.18370232e+00  2.58725356e+00]
Best fitness in last gen:
2.921806091463768e-08

Best in all:
[-1.23309634e-01 -1.11576713e-02  1.95290246e-02 -1.46028656e-02
  4.71898173e-02  4.94921147e-02  2.15305703e-02  4.63517560e-02
 -3.92447889e-02  3.14403814e-03 -4.35063012e-02  1.08678358e-01
 -2.07954110e-02 -5.33786006e-02 -3.46988651e-02 -5.63006942e-02
  5.26830788e-02  7.07703500e-03  5.82604154e-02  1.21051217e-01
  6.02229171e-02  1.15809233e-02 -1.55892676e-03  1.03338265e-01
  1.05840249e+00  1.18370232e+00  2.58725356e+00]
Best fitness in all:
2.921806091463768e-08