Best in last gen:
[ 3.12693166e-02  1.68687639e-02  6.45074587e-03  3.89970160e-03
  1.38369339e-02 -2.10989344e-02  4.90700586e-02  5.42851704e-02
  1.25640563e-02 -1.81315729e-02  5.90827799e-02 -7.32642825e-03
 -8.62715087e-03 -4.19419784e-02  2.14575741e-02 -2.52810065e-02
  7.09127093e-02 -8.06832632e-04 -4.12102318e-02  8.47484183e-03
 -3.31061182e-02 -5.14807370e-03  7.67435202e-02 -3.54696442e-02
  6.34190429e-03  1.56403381e-02 -1.60564257e-02  8.07415266e-02
 -7.40164338e-02  5.61116406e-03 -7.72410683e-03  3.87745566e-02
 -1.87509108e-02  2.10476056e-02 -9.86822844e-03 -4.13748092e-02
 -2.65999479e-02 -1.31348588e-02  3.53889583e-02 -1.62805203e-02
  6.33569428e-03  2.49422810e-02  1.23487474e-02 -9.07362966e-02
  3.31284826e-03 -7.78182331e-02  4.17706477e-03  4.94841222e-04
  9.82549896e-01  1.48295573e+00  5.00243729e-01]
Best fitness in last gen:
3.264754664344624e-07

Best in all:
[ 3.12693166e-02  1.68687639e-02  6.45074587e-03  3.89970160e-03
  1.38369339e-02 -2.10989344e-02  4.90700586e-02  5.42851704e-02
  1.25640563e-02 -1.81315729e-02  5.90827799e-02 -7.32642825e-03
 -8.62715087e-03 -4.19419784e-02  2.14575741e-02 -2.52810065e-02
  7.09127093e-02 -8.06832632e-04 -4.12102318e-02  8.47484183e-03
 -3.31061182e-02 -5.14807370e-03  7.67435202e-02 -3.54696442e-02
  6.34190429e-03  1.56403381e-02 -1.60564257e-02  8.07415266e-02
 -7.40164338e-02  5.61116406e-03 -7.72410683e-03  3.87745566e-02
 -1.87509108e-02  2.10476056e-02 -9.86822844e-03 -4.13748092e-02
 -2.65999479e-02 -1.31348588e-02  3.53889583e-02 -1.62805203e-02
  6.33569428e-03  2.49422810e-02  1.23487474e-02 -9.07362966e-02
  3.31284826e-03 -7.78182331e-02  4.17706477e-03  4.94841222e-04
  9.82549896e-01  1.48295573e+00  5.00243729e-01]
Best fitness in all:
3.264754664344624e-07
