Best in last gen:
[ 0.2         0.02118567 -0.05456745  0.08249524 -0.03081046  0.04563398
  0.07285538 -0.06661938  0.09720062 -0.00331     0.07278853  0.01852735
  0.00701339 -0.01633237 -0.07499553  0.02469562 -0.01261261  0.03800189
 -0.04308063 -0.04570602  0.15606554  0.01297918 -0.01047421 -0.00393657
  0.98967571  1.0881724   0.93969887]
Best fitness in last gen:
8.920528478790775e-08

Best in all:
[ 0.2         0.02118567 -0.05456745  0.08249524 -0.03081046  0.04563398
  0.07285538 -0.06661938  0.09720062 -0.00331     0.07278853  0.01852735
  0.00701339 -0.01633237 -0.07499553  0.02469562 -0.01261261  0.03800189
 -0.04308063 -0.04570602  0.15606554  0.01297918 -0.01047421 -0.00393657
  0.98967571  1.0881724   0.93969887]
Best fitness in all:
8.920528478790775e-08