Best in last gen:
[ 0.0278807  -0.0129726  -0.02836438 -0.10899972  0.11399015 -0.12091339
  0.10224919 -0.01476052  0.02437885  0.06414053 -0.07814389  0.16514502
  0.05745794 -0.02661014 -0.13653953 -0.13307098 -0.11774698 -0.04319203
  0.09611255 -0.04962952 -0.14018544  0.11884075 -0.06707764 -0.10093171
  0.95049707  1.22776425  1.19218539]
Best fitness in last gen:
3.1432561818987107e-06

Best in all:
[ 0.0278807  -0.0129726  -0.02836438 -0.10899972  0.11399015 -0.12091339
  0.10224919 -0.01476052  0.02437885  0.06414053 -0.07814389  0.16514502
  0.05745794 -0.02661014 -0.13653953 -0.13307098 -0.11774698 -0.04319203
  0.09611255 -0.04962952 -0.14018544  0.11884075 -0.06707764 -0.10093171
  0.95049707  1.22776425  1.19218539]
Best fitness in all:
3.1432561818987107e-06