Best in last gen:
[ 2.21018208e-02  3.21950383e-02  2.14450289e-03  3.56392282e-03
  1.59429515e-02  2.37305623e-02 -1.81312103e-02 -5.63895015e-03
  6.94783754e-02  3.81063565e-02  4.36719493e-03  1.14008054e-02
 -2.33067546e-02  8.74605183e-03  7.74387812e-03 -2.15164040e-02
 -4.65584433e-02 -6.01947392e-03  2.53321670e-02  3.96029345e-03
  1.23797871e-02  1.64236996e-02 -3.56454431e-02  3.60940927e-02
 -4.25354506e-03 -3.87630042e-02 -1.12778553e-02  3.97095715e-02
 -2.38026851e-03  1.54291122e-02  3.59350015e-03 -1.54568281e-02
  6.33376550e-02 -1.19608367e-02 -7.20109934e-04  2.24443302e-02
 -1.08276767e-02 -2.49648603e-02 -1.96519149e-02  1.76966490e-02
  9.92059139e-04 -2.39478603e-02 -9.47089626e-03 -6.44446599e-02
  4.43675947e-03 -5.54271619e-02  1.62674378e-03 -3.84635461e-03
  9.38837828e-01  1.75526892e+00  8.10920828e-01]
Best fitness in last gen:
2.593514655219522e-07

Best in all:
[ 2.21018208e-02  3.21950383e-02  2.14450289e-03  3.56392282e-03
  1.59429515e-02  2.37305623e-02 -1.81312103e-02 -5.63895015e-03
  6.94783754e-02  3.81063565e-02  4.36719493e-03  1.14008054e-02
 -2.33067546e-02  8.74605183e-03  7.74387812e-03 -2.15164040e-02
 -4.65584433e-02 -6.01947392e-03  2.53321670e-02  3.96029345e-03
  1.23797871e-02  1.64236996e-02 -3.56454431e-02  3.60940927e-02
 -4.25354506e-03 -3.87630042e-02 -1.12778553e-02  3.97095715e-02
 -2.38026851e-03  1.54291122e-02  3.59350015e-03 -1.54568281e-02
  6.33376550e-02 -1.19608367e-02 -7.20109934e-04  2.24443302e-02
 -1.08276767e-02 -2.49648603e-02 -1.96519149e-02  1.76966490e-02
  9.92059139e-04 -2.39478603e-02 -9.47089626e-03 -6.44446599e-02
  4.43675947e-03 -5.54271619e-02  1.62674378e-03 -3.84635461e-03
  9.38837828e-01  1.75526892e+00  8.10920828e-01]
Best fitness in all:
2.593514655219522e-07

Initial parameters
population size = 300
number of generations = 10000
Real number of generations = 4001
elitism = 1
crossover_rate = 0.95
mutation rate = 0.01
mutation range = 0.1
order = 3
gene ranges = ((-0.2, 0.2), (0.95, 1.05), (1.6949152542372883, 1.7543859649122808), (0.8, 0.8130081300813008))
