Best in last gen:
[-0.01431348  0.16591593  0.07837399  0.04935355  0.2        -0.12782321
  0.00916991 -0.08637684  0.09180288 -0.03383865 -0.15887827  0.08715662
  0.10156325 -0.05916178 -0.1066723   0.13214769 -0.11305259  0.1061893
  0.07415568  0.0368965   0.12639605 -0.1111621   0.0544442   0.04944221
  0.96306633  1.90900074  2.39768163]
Best fitness in last gen:
8.359084559407084e-09

Best in all:
[-0.01431348  0.16591593  0.07837399  0.04935355  0.2        -0.12782321
  0.00916991 -0.08637684  0.09180288 -0.03383865 -0.15887827  0.08715662
  0.10156325 -0.05916178 -0.1066723   0.13214769 -0.11305259  0.1061893
  0.07415568  0.0368965   0.12639605 -0.1111621   0.0544442   0.04944221
  0.96306633  1.90900074  2.39768163]
Best fitness in all:
8.359084559407084e-09