Best in last gen:
[ 9.75340185e-05  4.90689788e-02 -4.07633566e-02  5.59299882e-02
 -2.22321286e-03 -1.23495403e-02 -1.25316601e-02  2.65920999e-02
  3.93270355e-03  2.76355468e-02  2.10269267e-02 -1.43705460e-02
 -1.29580012e-02 -5.98673614e-02  3.35702218e-02  3.92786395e-03
 -6.23017708e-03  1.94242078e-03  1.71563864e-02 -3.96699514e-02
 -2.55685229e-02 -5.30869670e-02 -4.57943789e-02  6.56867878e-03
 -7.35259161e-03 -6.89236198e-03  5.01099516e-02  1.40701348e-02
  6.29323228e-02 -2.39578345e-02 -4.84308581e-03  1.72613677e-03
  3.94586943e-02  2.47709235e-02 -8.05636408e-03 -3.49214762e-02
  4.28654909e-02 -4.26348049e-02 -2.01133386e-02 -2.47385512e-02
 -5.66119876e-02 -1.48993815e-02  8.30204568e-03  2.71635143e-02
 -1.06057143e-03  5.31604238e-03  1.15187698e-02  2.91904075e-02
  1.02181881e+00  1.08244363e+00  1.09724224e+00]
Best fitness in last gen:
5.996279628830732e-08

Best in all:
[ 9.75340185e-05  4.90689788e-02 -4.07633566e-02  5.59299882e-02
 -2.22321286e-03 -1.23495403e-02 -1.25316601e-02  2.65920999e-02
  3.93270355e-03  2.76355468e-02  2.10269267e-02 -1.43705460e-02
 -1.29580012e-02 -5.98673614e-02  3.35702218e-02  3.92786395e-03
 -6.23017708e-03  1.94242078e-03  1.71563864e-02 -3.96699514e-02
 -2.55685229e-02 -5.30869670e-02 -4.57943789e-02  6.56867878e-03
 -7.35259161e-03 -6.89236198e-03  5.01099516e-02  1.40701348e-02
  6.29323228e-02 -2.39578345e-02 -4.84308581e-03  1.72613677e-03
  3.94586943e-02  2.47709235e-02 -8.05636408e-03 -3.49214762e-02
  4.28654909e-02 -4.26348049e-02 -2.01133386e-02 -2.47385512e-02
 -5.66119876e-02 -1.48993815e-02  8.30204568e-03  2.71635143e-02
 -1.06057143e-03  5.31604238e-03  1.15187698e-02  2.91904075e-02
  1.02181881e+00  1.08244363e+00  1.09724224e+00]
Best fitness in all:
5.996279628830732e-08
