Best in last gen:
[0.14623295 0.1133715  0.2        0.01860929 0.07981377 0.03843734
 0.07360397 0.07083862 0.09390872 0.09064966 0.0787559  0.04428604
 0.08788041 0.05291701 0.15230339 0.08046079 0.08330662 0.06651564
 0.04796383 0.08032365 0.09193019 0.02967889 0.         0.08226283
 1.00978594 1.49060321 0.50504756]
Best fitness in last gen:
2.175026570034144e-07

Best in all:
[0.14623295 0.1133715  0.2        0.01860929 0.07981377 0.03843734
 0.07360397 0.07083862 0.09390872 0.09064966 0.0787559  0.04428604
 0.08788041 0.05291701 0.15230339 0.08046079 0.08330662 0.06651564
 0.04796383 0.08032365 0.09193019 0.02967889 0.         0.08226283
 1.00978594 1.49060321 0.50504756]
Best fitness in all:
2.175026570034144e-07
