Best in last gen:
[ 0.04383953 -0.02971169 -0.00674439  0.04447041 -0.06704252  0.0143573
 -0.03728414  0.03438754 -0.01805792 -0.06084671  0.03378628  0.00538916
 -0.03594946  0.04015339  0.07391868  0.08481872  0.01456494  0.00222511
 -0.04305793 -0.06682964  0.01685469  0.02416981 -0.03525843  0.05410871
 -0.02039229 -0.03878265 -0.01747089  0.03235325  0.03295506  0.01418474
 -0.08473915 -0.00521217 -0.04857956  0.00166976 -0.01183496 -0.0408904
 -0.0544327  -0.07463711  0.01346539 -0.04788533 -0.03161286  0.08260542
  0.03057229 -0.00368131  0.0117331  -0.03584601 -0.01194593  0.03739631
  0.95554012  1.18821078  1.03507089]
Best fitness in last gen:
4.2663778088787204e-08

Best in all:
[ 0.04383953 -0.02971169 -0.00674439  0.04447041 -0.06704252  0.0143573
 -0.03728414  0.03438754 -0.01805792 -0.06084671  0.03378628  0.00538916
 -0.03594946  0.04015339  0.07391868  0.08481872  0.01456494  0.00222511
 -0.04305793 -0.06682964  0.01685469  0.02416981 -0.03525843  0.05410871
 -0.02039229 -0.03878265 -0.01747089  0.03235325  0.03295506  0.01418474
 -0.08473915 -0.00521217 -0.04857956  0.00166976 -0.01183496 -0.0408904
 -0.0544327  -0.07463711  0.01346539 -0.04788533 -0.03161286  0.08260542
  0.03057229 -0.00368131  0.0117331  -0.03584601 -0.01194593  0.03739631
  0.95554012  1.18821078  1.03507089]
Best fitness in all:
4.2663778088787204e-08
