Best in last gen:
[-4.36012768e-03  4.17099095e-02  1.56971696e-02  1.17559277e-02
  3.68131277e-02  2.72755758e-02 -3.55681252e-02 -4.79393037e-03
  2.87488596e-02 -2.80287133e-02 -6.07061806e-02  1.80955842e-04
  4.10164755e-02 -2.73365135e-02 -9.01664073e-04  3.87951769e-03
  1.24774883e-03  1.79693677e-02 -1.59797732e-03  6.06730989e-03
  7.26112778e-03 -3.89627983e-03 -2.18229886e-02  6.09505361e-02
 -2.91212365e-03  1.79947039e-02 -9.05310487e-03 -4.47893652e-02
  3.68073411e-03 -2.16509341e-02 -1.53935157e-01 -2.08322463e-02
  4.26841804e-02 -5.96994047e-03  2.68680564e-02 -2.20212440e-02
  4.85411128e-03 -1.85134458e-02  3.46183815e-03  8.47049356e-03
 -1.36784369e-02  1.24216311e-03  7.76726594e-02 -2.25646228e-03
  1.00507251e-02  3.98163103e-02 -1.75842592e-02  2.30617915e-02
  9.94201153e-01 -6.98700589e-02  1.45124725e+00  8.36264199e-01]
Best fitness in last gen:
0.0004980113222981975

Best in all:
[-4.36012768e-03  4.17099095e-02  1.56971696e-02  1.17559277e-02
  3.68131277e-02  2.72755758e-02 -3.55681252e-02 -4.79393037e-03
  2.87488596e-02 -2.80287133e-02 -6.07061806e-02  1.80955842e-04
  4.10164755e-02 -2.73365135e-02 -9.01664073e-04  3.87951769e-03
  1.24774883e-03  1.79693677e-02 -1.59797732e-03  6.06730989e-03
  7.26112778e-03 -3.89627983e-03 -2.18229886e-02  6.09505361e-02
 -2.91212365e-03  1.79947039e-02 -9.05310487e-03 -4.47893652e-02
  3.68073411e-03 -2.16509341e-02 -1.53935157e-01 -2.08322463e-02
  4.26841804e-02 -5.96994047e-03  2.68680564e-02 -2.20212440e-02
  4.85411128e-03 -1.85134458e-02  3.46183815e-03  8.47049356e-03
 -1.36784369e-02  1.24216311e-03  7.76726594e-02 -2.25646228e-03
  1.00507251e-02  3.98163103e-02 -1.75842592e-02  2.30617915e-02
  9.94201153e-01 -6.98700589e-02  1.45124725e+00  8.36264199e-01]
Best fitness in all:
0.0004980113222981975
GA calculation time:
2166.1500482559204

Initial parameters
population size = 200
number of generations = 10000
Real number of generations = 10000
elitism = 2
crossover_rate = 0.95
mutation rate = 0.007
mutation range = 0.1
order = 3
gene ranges = ((-0.1, 0.1), (0.98, 1.02), (-2, 2), (1.2, 1.6), (0.65, 1.05))
