Best in last gen:
[ 0.0569263   0.03773178 -0.04609573 -0.09312516  0.10224648 -0.04928599
  0.09396343 -0.06844624  0.04920223 -0.0461507  -0.02609892 -0.02701325
  0.0085485   0.08890631  0.01652462 -0.01186848  0.038999    0.05532394
  0.04560498  0.11627025 -0.06827816 -0.04188714  0.03862072  0.11197312
  0.98102515  1.1464591   1.23661492]
Best fitness in last gen:
3.577992640044411e-06

Best in all:
[ 0.0569263   0.03773178 -0.04609573 -0.09312516  0.10224648 -0.04928599
  0.09396343 -0.06844624  0.04920223 -0.0461507  -0.02609892 -0.02701325
  0.0085485   0.08890631  0.01652462 -0.01186848  0.038999    0.05532394
  0.04560498  0.11627025 -0.06827816 -0.04188714  0.03862072  0.11197312
  0.98102515  1.1464591   1.23661492]
Best fitness in all:
3.577992640044411e-06
