Best in last gen:
[-8.24540009e-02  1.86413533e-02  8.64881384e-02 -2.86656167e-03
  8.19830245e-02  1.78870819e-02  1.26081221e-01  4.92902174e-02
  1.46072703e-01 -8.18865087e-02 -1.10248139e-01  1.28024474e-01
 -1.21515220e-01 -8.42514616e-02  4.71701182e-02  9.27807711e-02
  1.76451717e-02  6.51114928e-02  1.22882447e-01  3.55222628e-02
 -5.20532012e-02 -4.87922333e-02 -4.05829816e-02 -6.57074003e-02
  9.58213798e-01  3.11178018e+00  1.75832173e+00]
Best fitness in last gen:
2.9870449100898883e-09

Best in all:
[-8.24540009e-02  1.86413533e-02  8.64881384e-02 -2.86656167e-03
  8.19830245e-02  1.78870819e-02  1.26081221e-01  4.92902174e-02
  1.46072703e-01 -8.18865087e-02 -1.10248139e-01  1.28024474e-01
 -1.21515220e-01 -8.42514616e-02  4.71701182e-02  9.27807711e-02
  1.76451717e-02  6.51114928e-02  1.22882447e-01  3.55222628e-02
 -5.20532012e-02 -4.87922333e-02 -4.05829816e-02 -6.57074003e-02
  9.58213798e-01  3.11178018e+00  1.75832173e+00]
Best fitness in all:
2.9870449100898883e-09