Best in last gen:
[ 4.70063032e-02 -4.41143549e-02 -8.40298940e-03  1.24785310e-02
  6.82043738e-03  8.13329944e-02 -6.56827905e-03  8.85913320e-04
  2.13621488e-02  2.62933538e-03  2.02074699e-02  1.00606312e-02
  7.43629228e-03  9.52723990e-03 -1.40219210e-02 -1.21831168e-02
 -5.94090252e-02  5.70589441e-02  2.64669206e-02 -1.90941251e-02
 -3.90281174e-02  1.34027514e-02 -4.47241619e-02 -8.10671691e-02
  4.31211060e-02 -1.01246400e-02 -2.49903681e-02  7.73595622e-03
 -3.74553548e-02 -2.69650001e-03  3.81025234e-03  1.79414635e-03
  1.34692588e-02  4.36336216e-02  3.38495357e-02 -1.15571824e-02
  3.93424334e-02  3.59009233e-02 -1.41672501e-02 -2.37460329e-02
 -1.54783195e-03 -1.28228977e-02  5.28760500e-02  6.21763347e-03
 -2.94342067e-02 -2.47365554e-02  1.72515888e-02 -4.07644930e-02
  1.02891844e+00  1.04527052e+00  9.67289029e-01]
Best fitness in last gen:
1.8769130114830593e-07

Best in all:
[ 4.70063032e-02 -4.41143549e-02 -8.40298940e-03  1.24785310e-02
  6.82043738e-03  8.13329944e-02 -6.56827905e-03  8.85913320e-04
  2.13621488e-02  2.62933538e-03  2.02074699e-02  1.00606312e-02
  7.43629228e-03  9.52723990e-03 -1.40219210e-02 -1.21831168e-02
 -5.94090252e-02  5.70589441e-02  2.64669206e-02 -1.90941251e-02
 -3.90281174e-02  1.34027514e-02 -4.47241619e-02 -8.10671691e-02
  4.31211060e-02 -1.01246400e-02 -2.49903681e-02  7.73595622e-03
 -3.74553548e-02 -2.69650001e-03  3.81025234e-03  1.79414635e-03
  1.34692588e-02  4.36336216e-02  3.38495357e-02 -1.15571824e-02
  3.93424334e-02  3.59009233e-02 -1.41672501e-02 -2.37460329e-02
 -1.54783195e-03 -1.28228977e-02  5.28760500e-02  6.21763347e-03
 -2.94342067e-02 -2.47365554e-02  1.72515888e-02 -4.07644930e-02
  1.02891844e+00  1.04527052e+00  9.67289029e-01]
Best fitness in all:
1.8769130114830593e-07
