Best in last gen:
[ 3.44721699e-02  1.10991042e-01 -3.26657810e-02 -8.30249706e-02
 -1.09539678e-01 -3.99898278e-02  1.38361698e-02 -7.25687669e-02
 -7.03809093e-04 -1.10125722e-03 -1.84557771e-01 -1.26032828e-01
  1.65115862e-01  1.82260517e-02  3.63346727e-02  2.40756242e-02
  8.25833827e-02  3.73792751e-02 -1.27444420e-01 -8.76142250e-02
  4.47481241e-02  6.47217630e-02  6.25960258e-02  1.89918611e-01
  9.20069855e-01  2.89729892e+00  2.62623075e+00]
Best fitness in last gen:
2.5838574284835415e-09

Best in all:
[ 3.44721699e-02  1.10991042e-01 -3.26657810e-02 -8.30249706e-02
 -1.09539678e-01 -3.99898278e-02  1.38361698e-02 -7.25687669e-02
 -7.03809093e-04 -1.10125722e-03 -1.84557771e-01 -1.26032828e-01
  1.65115862e-01  1.82260517e-02  3.63346727e-02  2.40756242e-02
  8.25833827e-02  3.73792751e-02 -1.27444420e-01 -8.76142250e-02
  4.47481241e-02  6.47217630e-02  6.25960258e-02  1.89918611e-01
  9.20069855e-01  2.89729892e+00  2.62623075e+00]
Best fitness in all:
2.5838574284835415e-09
