Best in last gen:
[ 1.94538623e-02 -2.28672394e-02  2.18293237e-02 -2.14291968e-02
  1.99335431e-02  1.65756245e-02  1.10739181e-02 -9.30971412e-03
 -1.01468960e-02 -1.49403396e-03  2.52103542e-02 -8.48105188e-04
  3.46413642e-02 -9.94756259e-03 -8.41353795e-03 -3.26896600e-02
  1.01733762e-02 -1.77898822e-03  1.17753613e-02  2.56033621e-02
  3.03614557e-02  1.25673244e-02  3.23997319e-03  6.92211080e-02
  3.62752730e-02 -3.11598355e-02  2.72866813e-02 -3.10435601e-02
 -3.71408029e-02  1.08072888e-02 -4.61878310e-02  3.88636842e-02
 -2.22197539e-02 -2.57513270e-02 -1.27190739e-01 -2.85229233e-02
 -2.49245549e-02 -3.45159545e-02  7.42901665e-03  1.18493116e-02
  2.21031131e-02  1.34106264e-02 -2.80844541e-02  1.42198279e-02
  3.28250036e-03  5.94403419e-03  4.12614740e-02  2.26706496e-02
  1.01018623e+00  9.97998730e-01  7.99592800e-01]
Best fitness in last gen:
2.429188907962766e-07

Best in all:
[ 1.94538623e-02 -2.28672394e-02  2.18293237e-02 -2.14291968e-02
  1.99335431e-02  1.65756245e-02  1.10739181e-02 -9.30971412e-03
 -1.01468960e-02 -1.49403396e-03  2.52103542e-02 -8.48105188e-04
  3.46413642e-02 -9.94756259e-03 -8.41353795e-03 -3.26896600e-02
  1.01733762e-02 -1.77898822e-03  1.17753613e-02  2.56033621e-02
  3.03614557e-02  1.25673244e-02  3.23997319e-03  6.92211080e-02
  3.62752730e-02 -3.11598355e-02  2.72866813e-02 -3.10435601e-02
 -3.71408029e-02  1.08072888e-02 -4.61878310e-02  3.88636842e-02
 -2.22197539e-02 -2.57513270e-02 -1.27190739e-01 -2.85229233e-02
 -2.49245549e-02 -3.45159545e-02  7.42901665e-03  1.18493116e-02
  2.21031131e-02  1.34106264e-02 -2.80844541e-02  1.42198279e-02
  3.28250036e-03  5.94403419e-03  4.12614740e-02  2.26706496e-02
  1.01018623e+00  9.97998730e-01  7.99592800e-01]
Best fitness in all:
2.429188907962766e-07
