Best in last gen:
[-0.01791653 -0.06002937  0.03855463 -0.01053743  0.06404096 -0.13945217
  0.02051159 -0.02553     0.02637795 -0.06956048 -0.06424737  0.00734134
 -0.03257322  0.01974811 -0.0636337  -0.05247116  0.04604994 -0.03110848
 -0.03915868 -0.05322639 -0.00528112 -0.03976847 -0.04836643 -0.05606237
  0.98494677  1.76688593  2.22544003]
Best fitness in last gen:
3.4088403937870674e-07

Best in all:
[-0.01791653 -0.06002937  0.03855463 -0.01053743  0.06404096 -0.13945217
  0.02051159 -0.02553     0.02637795 -0.06956048 -0.06424737  0.00734134
 -0.03257322  0.01974811 -0.0636337  -0.05247116  0.04604994 -0.03110848
 -0.03915868 -0.05322639 -0.00528112 -0.03976847 -0.04836643 -0.05606237
  0.98494677  1.76688593  2.22544003]
Best fitness in all:
3.4088403937870674e-07
