Best in last gen:
[ 0.05039475  0.06694576 -0.1489326  -0.09951217  0.01039761 -0.04076995
  0.09256622 -0.03677067 -0.0560303  -0.05861447  0.06488019 -0.07396694
  0.07800064  0.04658386  0.01584298  0.0205016   0.10750402 -0.03144923
 -0.10071228  0.11260867  0.1378333  -0.11985122 -0.09724982  0.07718591
  1.03785517  1.20440495  0.88065079]
Best fitness in last gen:
2.9396801986508325e-06

Best in all:
[ 0.05039475  0.06694576 -0.1489326  -0.09951217  0.01039761 -0.04076995
  0.09256622 -0.03677067 -0.0560303  -0.05861447  0.06488019 -0.07396694
  0.07800064  0.04658386  0.01584298  0.0205016   0.10750402 -0.03144923
 -0.10071228  0.11260867  0.1378333  -0.11985122 -0.09724982  0.07718591
  1.03785517  1.20440495  0.88065079]
Best fitness in all:
2.9396801986508325e-06
