Best in last gen:
[ 0.04680354 -0.00923398 -0.05704837  0.03223011  0.09016461  0.03792561
  0.01395515  0.00136748 -0.03342934 -0.050179   -0.0690847  -0.05847955
  0.03933153  0.08117586  0.05572767  0.10292552 -0.00351605 -0.08634994
 -0.01090178 -0.03296285  0.00176771  0.00711068  0.01874612  0.03689936
  0.98433319  1.15422315  0.94410936]
Best fitness in last gen:
4.497894143611328e-08

Best in all:
[ 0.04680354 -0.00923398 -0.05704837  0.03223011  0.09016461  0.03792561
  0.01395515  0.00136748 -0.03342934 -0.050179   -0.0690847  -0.05847955
  0.03933153  0.08117586  0.05572767  0.10292552 -0.00351605 -0.08634994
 -0.01090178 -0.03296285  0.00176771  0.00711068  0.01874612  0.03689936
  0.98433319  1.15422315  0.94410936]
Best fitness in all:
4.497894143611328e-08
