Best in last gen:
[-6.01389558e-02  1.70177477e-01 -1.30751361e-01  1.40996535e-01
  1.13026256e-01  5.81645425e-02 -6.85749335e-02 -9.63484215e-04
  9.24133952e-03  3.70950379e-03  1.35641489e-01 -7.92559403e-02
  3.44545160e-02 -4.39037603e-02 -1.08868421e-02  6.18148606e-02
 -1.34695548e-01 -7.31662074e-03  1.48932440e-02 -2.94600661e-02
 -1.40498080e-01  1.49638275e-01  3.19688960e-02  1.16342334e-01
  1.01370205e+00  1.27275211e+00  1.34143247e+00]
Best fitness in last gen:
2.4305774626413817e-06

Best in all:
[-6.01389558e-02  1.70177477e-01 -1.30751361e-01  1.40996535e-01
  1.13026256e-01  5.81645425e-02 -6.85749335e-02 -9.63484215e-04
  9.24133952e-03  3.70950379e-03  1.35641489e-01 -7.92559403e-02
  3.44545160e-02 -4.39037603e-02 -1.08868421e-02  6.18148606e-02
 -1.34695548e-01 -7.31662074e-03  1.48932440e-02 -2.94600661e-02
 -1.40498080e-01  1.49638275e-01  3.19688960e-02  1.16342334e-01
  1.01370205e+00  1.27275211e+00  1.34143247e+00]
Best fitness in all:
2.4305774626413817e-06