Best in last gen:
[ 2.12777080e-02  3.16828275e-02 -2.82835638e-02  1.82223627e-02
  2.61907837e-02  2.73104041e-02 -1.58379304e-02  4.68860766e-02
  1.38113835e-02  3.13454490e-02  3.79599039e-02  2.59338748e-02
 -2.33337401e-03 -5.94439888e-03  3.45287021e-02  1.14395738e-02
  3.57527717e-02 -6.51340019e-02 -1.73590349e-02  3.63815074e-03
  4.19944327e-02  9.36694565e-03 -3.16437521e-02 -1.94674495e-02
 -1.40234127e-02  2.88991750e-02  7.08163102e-02 -5.34002507e-02
 -1.46058413e-02 -3.06634235e-02 -3.33644594e-02 -2.43751252e-02
 -3.84191088e-02  6.01834563e-02  1.09109527e-02  1.65541440e-02
 -2.41499279e-02  8.73364811e-03  2.03792474e-02  2.66523412e-02
 -2.19350160e-03  4.15123929e-02  5.00881551e-03 -1.50041425e-03
  4.40495696e-04  4.28171684e-02  1.97735125e-02  3.01313523e-02
  1.00406991e+00  8.39422469e-01  1.50626012e+00]
Best fitness in last gen:
5.838067651773524e-08

Best in all:
[ 2.12777080e-02  3.16828275e-02 -2.82835638e-02  1.82223627e-02
  2.61907837e-02  2.73104041e-02 -1.58379304e-02  4.68860766e-02
  1.38113835e-02  3.13454490e-02  3.79599039e-02  2.59338748e-02
 -2.33337401e-03 -5.94439888e-03  3.45287021e-02  1.14395738e-02
  3.57527717e-02 -6.51340019e-02 -1.73590349e-02  3.63815074e-03
  4.19944327e-02  9.36694565e-03 -3.16437521e-02 -1.94674495e-02
 -1.40234127e-02  2.88991750e-02  7.08163102e-02 -5.34002507e-02
 -1.46058413e-02 -3.06634235e-02 -3.33644594e-02 -2.43751252e-02
 -3.84191088e-02  6.01834563e-02  1.09109527e-02  1.65541440e-02
 -2.41499279e-02  8.73364811e-03  2.03792474e-02  2.66523412e-02
 -2.19350160e-03  4.15123929e-02  5.00881551e-03 -1.50041425e-03
  4.40495696e-04  4.28171684e-02  1.97735125e-02  3.01313523e-02
  1.00406991e+00  8.39422469e-01  1.50626012e+00]
Best fitness in all:
5.838067651773524e-08

Initial parameters
population size = 200
number of generations = 10
Real number of generations = 10
elitism = 1
crossover_rate = 0.95
mutation rate = 0.01
mutation range = 0.1
order = 3
gene ranges = ((-0.2, 0.2), (0.95, 1.05), (0.75, 0.95), (1.4, 1.6))
