Best in last gen:
[-0.05207508 -0.00245761  0.04003671 -0.02987408 -0.04257769  0.07812214
  0.0173925  -0.02665187 -0.06542816  0.07216244  0.02109036  0.04412068
 -0.02720642 -0.04554256 -0.01372367  0.07616631 -0.00443475 -0.01907757
 -0.00854705  0.01550141  0.00351267 -0.02912814  0.05613529  0.02762594
  0.02489864 -0.06250949  0.01525811 -0.04181949  0.03438738  0.00685951
  0.09954099 -0.07607699 -0.03436171  0.02230499  0.01282986 -0.04208886
  0.03319071 -0.01088479  0.00237711 -0.0117668  -0.01141459  0.00386758
  0.10085597 -0.02985455 -0.00419165 -0.08086737 -0.0062568   0.00310525
  0.99629024  0.59331529  1.44674184  0.80765965]
Best fitness in last gen:
1.1147083478875885e-05

Best in all:
[-0.05207508 -0.00245761  0.04003671 -0.02987408 -0.04257769  0.07812214
  0.0173925  -0.02665187 -0.06542816  0.07216244  0.02109036  0.04412068
 -0.02720642 -0.04554256 -0.01372367  0.07616631 -0.00443475 -0.01907757
 -0.00854705  0.01550141  0.00351267 -0.02912814  0.05613529  0.02762594
  0.02489864 -0.06250949  0.01525811 -0.04181949  0.03438738  0.00685951
  0.09954099 -0.07607699 -0.03436171  0.02230499  0.01282986 -0.04208886
  0.03319071 -0.01088479  0.00237711 -0.0117668  -0.01141459  0.00386758
  0.10085597 -0.02985455 -0.00419165 -0.08086737 -0.0062568   0.00310525
  0.99629024  0.59331529  1.44674184  0.80765965]
Best fitness in all:
1.1147083478875885e-05
GA calculation time:
1630.0561439990997

Initial parameters
population size = 100
number of generations = 10000
Real number of generations = 10000
elitism = 2
crossover_rate = 0.95
mutation rate = 0.007
mutation range = 0.1
order = 3
gene ranges = ((-0.1, 0.1), (0.98, 1.02), (-2, 2), (1.2, 1.6), (0.65, 1.05))
