Best in last gen:
[-7.50377749e-02 -9.60374790e-02 -5.91150103e-02  1.27703915e-01
  5.47541962e-02 -1.43331738e-02  5.54210707e-03  2.14790503e-02
 -4.23883033e-02 -4.09147765e-02 -1.22644247e-03  1.45801700e-04
 -2.88731929e-02  5.25141604e-02  5.44641527e-02  1.75391650e-02
 -2.45047134e-02 -4.52038492e-02 -5.58701712e-02  1.08312523e-01
 -3.62938284e-02  2.95584197e-02  1.18575181e-02  6.78505279e-02
  9.97706602e-01  1.16856823e+00  1.45865614e+00]
Best fitness in last gen:
7.72247427647424e-08

Best in all:
[-7.50377749e-02 -9.60374790e-02 -5.91150103e-02  1.27703915e-01
  5.47541962e-02 -1.43331738e-02  5.54210707e-03  2.14790503e-02
 -4.23883033e-02 -4.09147765e-02 -1.22644247e-03  1.45801700e-04
 -2.88731929e-02  5.25141604e-02  5.44641527e-02  1.75391650e-02
 -2.45047134e-02 -4.52038492e-02 -5.58701712e-02  1.08312523e-01
 -3.62938284e-02  2.95584197e-02  1.18575181e-02  6.78505279e-02
  9.97706602e-01  1.16856823e+00  1.45865614e+00]
Best fitness in all:
7.72247427647424e-08
