Best in last gen:
[ 0.02278203 -0.01242808  0.01381175  0.04687136  0.03011135 -0.04222885
 -0.0488298   0.03865564 -0.11934032 -0.08351536  0.08178299  0.10564173
 -0.1699451   0.12225136  0.1352855  -0.04170846  0.07692322 -0.01838068
 -0.05754386 -0.0474553   0.08491068 -0.09237948  0.03124968 -0.16207152
  1.05166779  0.70817558  1.30908076]
Best fitness in last gen:
2.3272532039046806e-06

Best in all:
[ 0.02278203 -0.01242808  0.01381175  0.04687136  0.03011135 -0.04222885
 -0.0488298   0.03865564 -0.11934032 -0.08351536  0.08178299  0.10564173
 -0.1699451   0.12225136  0.1352855  -0.04170846  0.07692322 -0.01838068
 -0.05754386 -0.0474553   0.08491068 -0.09237948  0.03124968 -0.16207152
  1.05166779  0.70817558  1.30908076]
Best fitness in all:
2.3272532039046806e-06