Best in last gen:
[ 1.99608823e-02 -6.88066317e-04  2.13810446e-02  3.69710432e-02
 -1.95588965e-03  3.40373840e-02 -5.79907571e-04  1.14087578e-02
 -2.93551941e-02  1.79884276e-02  2.12278529e-02 -2.70262937e-02
 -8.24694361e-03 -9.86081568e-03  2.05195643e-02  2.54615840e-02
 -3.46295589e-03 -2.15583923e-02  6.31883224e-03  2.09123701e-02
  6.17965287e-03 -1.80358549e-02 -4.67960831e-03 -6.16315022e-02
 -2.03152400e-02 -8.65336788e-03  2.88673674e-02 -1.60530107e-02
 -5.33718667e-03 -5.38393819e-02 -4.16750734e-04  3.60902827e-02
 -1.41443486e-02  1.28683164e-02  1.83503315e-02 -8.06358306e-03
  7.94662657e-03 -1.24478658e-02  6.49324610e-03 -3.36484220e-03
 -8.04102051e-05 -9.83394469e-03 -2.04160383e-03 -9.22329819e-03
  2.35551541e-03  5.62327138e-03 -5.60142007e-03 -1.99215014e-02
  9.55127994e-01  1.12968228e+00  9.56342668e-01]
Best fitness in last gen:
8.117218002335096e-08

Best in all:
[ 1.99608823e-02 -6.88066317e-04  2.13810446e-02  3.69710432e-02
 -1.95588965e-03  3.40373840e-02 -5.79907571e-04  1.14087578e-02
 -2.93551941e-02  1.79884276e-02  2.12278529e-02 -2.70262937e-02
 -8.24694361e-03 -9.86081568e-03  2.05195643e-02  2.54615840e-02
 -3.46295589e-03 -2.15583923e-02  6.31883224e-03  2.09123701e-02
  6.17965287e-03 -1.80358549e-02 -4.67960831e-03 -6.16315022e-02
 -2.03152400e-02 -8.65336788e-03  2.88673674e-02 -1.60530107e-02
 -5.33718667e-03 -5.38393819e-02 -4.16750734e-04  3.60902827e-02
 -1.41443486e-02  1.28683164e-02  1.83503315e-02 -8.06358306e-03
  7.94662657e-03 -1.24478658e-02  6.49324610e-03 -3.36484220e-03
 -8.04102051e-05 -9.83394469e-03 -2.04160383e-03 -9.22329819e-03
  2.35551541e-03  5.62327138e-03 -5.60142007e-03 -1.99215014e-02
  9.55127994e-01  1.12968228e+00  9.56342668e-01]
Best fitness in all:
8.117218002335096e-08