Best in last gen:
[ 3.74444521e-02 -1.32122110e-01  4.99558373e-02  4.85704169e-02
  9.53576262e-02  1.91003719e-01 -5.25451876e-02 -9.37580752e-02
 -1.04502652e-01 -7.25873996e-02 -1.35749174e-01 -3.42299010e-02
 -9.77505741e-02  3.98708790e-02  1.87116200e-02  6.55352543e-03
  1.11575872e-01 -9.74610304e-02  2.72459745e-02  1.04618348e-01
  6.65969396e-02  1.78096324e-02 -7.72573925e-02 -4.30121312e-04
  1.54988526e-01 -3.85591659e-02 -1.48544932e-01  9.54140321e-02
 -2.68110353e-02  1.15540790e-01  4.16959605e-02 -6.25505237e-02
 -1.68793468e-01  3.68023312e-02 -4.37150855e-02  4.01196314e-02
  5.23022953e-02  2.29550422e-02 -8.40388738e-02  5.54756529e-02
 -5.72940146e-03 -1.08181295e-01  8.49714300e-02 -7.86996427e-02
 -6.56457392e-02 -1.60565093e-01 -5.51849208e-02 -5.59146196e-02
  9.63100148e-01  1.05376609e+00  8.38529578e-01]
Best fitness in last gen:
2.392457443674317e-08

Best in all:
[ 3.74444521e-02 -1.32122110e-01  4.99558373e-02  4.85704169e-02
  9.53576262e-02  1.91003719e-01 -5.25451876e-02 -9.37580752e-02
 -1.04502652e-01 -7.25873996e-02 -1.35749174e-01 -3.42299010e-02
 -9.77505741e-02  3.98708790e-02  1.87116200e-02  6.55352543e-03
  1.11575872e-01 -9.74610304e-02  2.72459745e-02  1.04618348e-01
  6.65969396e-02  1.78096324e-02 -7.72573925e-02 -4.30121312e-04
  1.54988526e-01 -3.85591659e-02 -1.48544932e-01  9.54140321e-02
 -2.68110353e-02  1.15540790e-01  4.16959605e-02 -6.25505237e-02
 -1.68793468e-01  3.68023312e-02 -4.37150855e-02  4.01196314e-02
  5.23022953e-02  2.29550422e-02 -8.40388738e-02  5.54756529e-02
 -5.72940146e-03 -1.08181295e-01  8.49714300e-02 -7.86996427e-02
 -6.56457392e-02 -1.60565093e-01 -5.51849208e-02 -5.59146196e-02
  9.63100148e-01  1.05376609e+00  8.38529578e-01]
Best fitness in all:
2.392457443674317e-08
