Best in last gen:
[-0.05724798 -0.03486387 -0.12582168 -0.07516784  0.01220529 -0.07362782
 -0.007016   -0.06369354  0.09676699  0.02163859 -0.06280022 -0.00836335
 -0.0418494   0.02910476 -0.10997751 -0.03622673  0.15928314  0.0336189
  0.05380382 -0.03681205  0.15575028 -0.05533137 -0.06824174  0.0603163
  1.01143899  1.27838788  0.85333762]
Best fitness in last gen:
2.260405822181111e-06

Best in all:
[-0.05724798 -0.03486387 -0.12582168 -0.07516784  0.01220529 -0.07362782
 -0.007016   -0.06369354  0.09676699  0.02163859 -0.06280022 -0.00836335
 -0.0418494   0.02910476 -0.10997751 -0.03622673  0.15928314  0.0336189
  0.05380382 -0.03681205  0.15575028 -0.05533137 -0.06824174  0.0603163
  1.01143899  1.27838788  0.85333762]
Best fitness in all:
2.260405822181111e-06