Best in last gen:
[ 4.00882791e-02 -2.99634017e-02 -6.59335214e-02  1.45195677e-01
  1.24621363e-01  1.75231567e-01  1.00941183e-01 -9.70558539e-02
 -7.30915663e-03  2.87824310e-02 -1.08539283e-02  7.30593631e-02
 -3.08757025e-03  1.53431607e-02  9.97459080e-02 -2.67571931e-02
  1.45270497e-01 -7.09647157e-03 -1.18882937e-01 -4.47886515e-02
  1.50790762e-03 -6.10199161e-03  1.64764383e-02  8.88925972e-02
  1.02979295e+00  1.49959626e+00  1.68939226e+00]
Best fitness in last gen:
4.0573806137450965e-09

Best in all:
[ 4.00882791e-02 -2.99634017e-02 -6.59335214e-02  1.45195677e-01
  1.24621363e-01  1.75231567e-01  1.00941183e-01 -9.70558539e-02
 -7.30915663e-03  2.87824310e-02 -1.08539283e-02  7.30593631e-02
 -3.08757025e-03  1.53431607e-02  9.97459080e-02 -2.67571931e-02
  1.45270497e-01 -7.09647157e-03 -1.18882937e-01 -4.47886515e-02
  1.50790762e-03 -6.10199161e-03  1.64764383e-02  8.88925972e-02
  1.02979295e+00  1.49959626e+00  1.68939226e+00]
Best fitness in all:
4.0573806137450965e-09
