Best in last gen:
[-4.82695719e-02 -2.97678453e-02 -1.12883842e-01  7.44895642e-02
 -1.28846563e-02 -3.63271877e-02  1.10870368e-01 -4.16131423e-02
 -1.82554487e-01 -5.24059866e-04  2.97401632e-02 -7.90551202e-02
 -1.41956575e-01  5.00044371e-02 -8.07721677e-02 -2.82202833e-02
 -3.64869155e-02 -4.25721175e-02  1.94445620e-02 -4.38565014e-02
 -4.26383412e-02  3.84785364e-02 -6.53957496e-03 -4.07988545e-02
  9.76726682e-01  9.66373113e-01  1.13519091e+00]
Best fitness in last gen:
1.6923862165426469e-06

Best in all:
[-4.82695719e-02 -2.97678453e-02 -1.12883842e-01  7.44895642e-02
 -1.28846563e-02 -3.63271877e-02  1.10870368e-01 -4.16131423e-02
 -1.82554487e-01 -5.24059866e-04  2.97401632e-02 -7.90551202e-02
 -1.41956575e-01  5.00044371e-02 -8.07721677e-02 -2.82202833e-02
 -3.64869155e-02 -4.25721175e-02  1.94445620e-02 -4.38565014e-02
 -4.26383412e-02  3.84785364e-02 -6.53957496e-03 -4.07988545e-02
  9.76726682e-01  9.66373113e-01  1.13519091e+00]
Best fitness in all:
1.6923862165426469e-06