Best in last gen:
[-1.74275098e-01 -9.46835611e-03 -1.57617872e-03 -6.12077820e-02
  1.36888759e-01  7.13236420e-02  3.08077126e-02 -1.34448415e-02
  2.74604953e-02 -1.87155023e-03  2.12034700e-02 -5.79646952e-02
  5.51991059e-02 -2.29950630e-02 -1.48438924e-01  3.95452291e-03
 -6.49460801e-02  3.93964998e-02  1.25678065e-01  9.08955401e-02
 -5.92818881e-02 -9.01088662e-02 -9.49208533e-02 -6.34985434e-02
  1.01172106e+00  1.77854922e+00  2.93784314e+00]
Best fitness in last gen:
9.744845157008038e-09

Best in all:
[-1.74275098e-01 -9.46835611e-03 -1.57617872e-03 -6.12077820e-02
  1.36888759e-01  7.13236420e-02  3.08077126e-02 -1.34448415e-02
  2.74604953e-02 -1.87155023e-03  2.12034700e-02 -5.79646952e-02
  5.51991059e-02 -2.29950630e-02 -1.48438924e-01  3.95452291e-03
 -6.49460801e-02  3.93964998e-02  1.25678065e-01  9.08955401e-02
 -5.92818881e-02 -9.01088662e-02 -9.49208533e-02 -6.34985434e-02
  1.01172106e+00  1.77854922e+00  2.93784314e+00]
Best fitness in all:
9.744845157008038e-09
