Best in last gen:
[ 3.10024090e-02 -1.62951846e-02 -7.24704489e-03  9.21496179e-03
  3.37096455e-02  5.18358192e-03 -1.87028668e-02  1.67816363e-02
  5.99771727e-02  9.81057659e-03 -3.56810940e-02 -1.18009478e-02
 -2.11620211e-02 -1.92626693e-02 -2.03863250e-02 -4.24411685e-02
 -5.81306852e-02  4.19946344e-03  2.92103275e-02 -9.64956831e-03
  1.71876804e-02  7.83225465e-03  6.46628166e-03  7.37194360e-03
  6.09427717e-02  2.06328387e-02 -1.38484560e-03 -9.71168114e-03
 -4.38398791e-02  4.19705097e-02 -2.82799508e-02 -1.15060779e-02
 -2.38011601e-02 -1.43336784e-02  1.99323652e-02 -5.99901771e-03
 -8.17657453e-02  7.53270686e-02 -3.04623943e-02 -2.36320137e-02
 -1.10174736e-01  2.01697310e-02 -2.80523731e-03  5.85227845e-04
 -1.54062131e-02  4.00080680e-02 -3.15208032e-02 -2.29006075e-03
 -6.36805520e-03  5.39730129e-02 -1.32055917e-02 -4.85721699e-03
 -6.48641955e-03 -1.02259554e-02 -2.14311157e-03 -2.71058005e-02
 -6.72072602e-02 -1.87901918e-02  7.25999742e-04  1.08424962e-02
  1.83466684e-03 -1.37860943e-04  7.92652803e-03  8.59476712e-03
  1.35716567e-02  1.92787048e-02  1.01277986e-02 -2.07498150e-02
  5.73660917e-03 -2.56249779e-02  1.47995039e-02  2.53579093e-02
 -4.66605449e-03  2.22991962e-02 -1.84942874e-02  7.27486133e-03
  8.67372366e-02  7.80674363e-02  1.04207518e-02  1.30441371e-02
  1.00501622e+00 -3.05999469e-01  8.57800869e-01  1.33584977e+00]
Best fitness in last gen:
0.00020297862263270603

Best in all:
[ 3.10024090e-02 -1.62951846e-02 -7.24704489e-03  9.21496179e-03
  3.37096455e-02  5.18358192e-03 -1.87028668e-02  1.67816363e-02
  5.99771727e-02  9.81057659e-03 -3.56810940e-02 -1.18009478e-02
 -2.11620211e-02 -1.92626693e-02 -2.03863250e-02 -4.24411685e-02
 -5.81306852e-02  4.19946344e-03  2.92103275e-02 -9.64956831e-03
  1.71876804e-02  7.83225465e-03  6.46628166e-03  7.37194360e-03
  6.09427717e-02  2.06328387e-02 -1.38484560e-03 -9.71168114e-03
 -4.38398791e-02  4.19705097e-02 -2.82799508e-02 -1.15060779e-02
 -2.38011601e-02 -1.43336784e-02  1.99323652e-02 -5.99901771e-03
 -8.17657453e-02  7.53270686e-02 -3.04623943e-02 -2.36320137e-02
 -1.10174736e-01  2.01697310e-02 -2.80523731e-03  5.85227845e-04
 -1.54062131e-02  4.00080680e-02 -3.15208032e-02 -2.29006075e-03
 -6.36805520e-03  5.39730129e-02 -1.32055917e-02 -4.85721699e-03
 -6.48641955e-03 -1.02259554e-02 -2.14311157e-03 -2.71058005e-02
 -6.72072602e-02 -1.87901918e-02  7.25999742e-04  1.08424962e-02
  1.83466684e-03 -1.37860943e-04  7.92652803e-03  8.59476712e-03
  1.35716567e-02  1.92787048e-02  1.01277986e-02 -2.07498150e-02
  5.73660917e-03 -2.56249779e-02  1.47995039e-02  2.53579093e-02
 -4.66605449e-03  2.22991962e-02 -1.84942874e-02  7.27486133e-03
  8.67372366e-02  7.80674363e-02  1.04207518e-02  1.30441371e-02
  1.00501622e+00 -3.05999469e-01  8.57800869e-01  1.33584977e+00]
Best fitness in all:
0.00020297862263270603
GA calculation time:
2727.608637571335

Initial parameters
population size = 200
number of generations = 10000
Real number of generations = 10000
elitism = 2
crossover_rate = 0.95
mutation rate = 0.007
mutation range = 0.1
order = 4
gene ranges = ((-0.1, 0.1), (0.98, 1.02), (-2, 2), (0.65, 1.05), (1.2, 1.6))
