Best in last gen:
[-1.23605322e-02  4.46344378e-02  1.13127315e-02  4.53262455e-02
  8.39357270e-02  1.68064966e-02  4.34280749e-03  4.12765050e-03
 -3.20912389e-02 -3.64586189e-02  2.27378846e-02  1.08596091e-02
 -1.11905796e-02 -1.43539357e-02  1.95611636e-02  7.64714895e-03
  1.27263977e-02  6.33125846e-03 -2.24971945e-02 -1.80027305e-02
  5.54227747e-02 -2.70112584e-02  5.13860261e-03 -2.33007177e-02
  4.48745419e-02 -2.55046243e-02  1.23406975e-02  8.18382169e-03
 -2.88574849e-02 -3.58646578e-02  4.39435177e-02 -4.47062543e-02
  5.94282742e-03  3.39737567e-02 -4.81572444e-02  1.13623405e-02
 -1.84433220e-02  1.78962052e-02 -3.91007256e-02 -5.62706081e-02
 -1.74531275e-02  1.94217015e-02 -4.40634068e-02  1.04623226e-02
 -1.04484607e-02  1.37149942e-02  4.37829619e-03  2.69291905e-03
 -7.04764643e-03 -3.77267282e-02  2.13404270e-02  1.84868256e-02
  3.86762926e-02 -1.28420955e-02 -4.07978744e-02 -1.10488558e-04
 -3.05932888e-02 -5.53627800e-02 -2.92992848e-02 -2.35776800e-02
 -1.04520485e-02 -2.34823994e-03 -6.34779904e-02 -3.15480319e-02
  2.56357917e-02  4.91097817e-02  3.29595367e-02 -4.26455053e-02
  1.96073910e-02  3.21038371e-02  3.09625551e-02  1.77413326e-02
  5.56844205e-02 -1.91836379e-02 -1.05382515e-02 -2.82097357e-03
 -9.60842751e-02  1.32672696e-02 -6.19960748e-03 -3.55113991e-02
 -1.60227324e-02 -5.40022783e-02  5.31198390e-03 -1.76444061e-02
  8.10760695e-03 -2.33316006e-02 -4.99403560e-02 -5.15256767e-02
 -2.20026285e-03  5.67655862e-02 -4.68207720e-03  4.74288345e-03
 -3.38587937e-02 -5.43826562e-02 -3.06108015e-02  2.05220319e-02
 -6.32590668e-02  6.97111812e-02 -1.89217681e-02  4.80712054e-02
  2.08234308e-02  2.07767422e-02  1.16251630e-02 -4.12953560e-02
  8.37753578e-02  2.18250848e-02 -9.98114592e-03 -5.08782459e-03
  7.45510812e-03  2.77275757e-02 -2.72578655e-02  2.62054901e-02
 -4.09916904e-02 -1.24186132e-02 -5.85465822e-03  1.98614761e-03
  7.72220622e-02 -3.24152632e-02 -5.21225412e-02 -5.04799656e-03
  9.96056838e-01  8.41661037e-01  1.48819274e+00]
Best fitness in last gen:
5.6253206260716636e-08

Best in all:
[-1.23605322e-02  4.46344378e-02  1.13127315e-02  4.53262455e-02
  8.39357270e-02  1.68064966e-02  4.34280749e-03  4.12765050e-03
 -3.20912389e-02 -3.64586189e-02  2.27378846e-02  1.08596091e-02
 -1.11905796e-02 -1.43539357e-02  1.95611636e-02  7.64714895e-03
  1.27263977e-02  6.33125846e-03 -2.24971945e-02 -1.80027305e-02
  5.54227747e-02 -2.70112584e-02  5.13860261e-03 -2.33007177e-02
  4.48745419e-02 -2.55046243e-02  1.23406975e-02  8.18382169e-03
 -2.88574849e-02 -3.58646578e-02  4.39435177e-02 -4.47062543e-02
  5.94282742e-03  3.39737567e-02 -4.81572444e-02  1.13623405e-02
 -1.84433220e-02  1.78962052e-02 -3.91007256e-02 -5.62706081e-02
 -1.74531275e-02  1.94217015e-02 -4.40634068e-02  1.04623226e-02
 -1.04484607e-02  1.37149942e-02  4.37829619e-03  2.69291905e-03
 -7.04764643e-03 -3.77267282e-02  2.13404270e-02  1.84868256e-02
  3.86762926e-02 -1.28420955e-02 -4.07978744e-02 -1.10488558e-04
 -3.05932888e-02 -5.53627800e-02 -2.92992848e-02 -2.35776800e-02
 -1.04520485e-02 -2.34823994e-03 -6.34779904e-02 -3.15480319e-02
  2.56357917e-02  4.91097817e-02  3.29595367e-02 -4.26455053e-02
  1.96073910e-02  3.21038371e-02  3.09625551e-02  1.77413326e-02
  5.56844205e-02 -1.91836379e-02 -1.05382515e-02 -2.82097357e-03
 -9.60842751e-02  1.32672696e-02 -6.19960748e-03 -3.55113991e-02
 -1.60227324e-02 -5.40022783e-02  5.31198390e-03 -1.76444061e-02
  8.10760695e-03 -2.33316006e-02 -4.99403560e-02 -5.15256767e-02
 -2.20026285e-03  5.67655862e-02 -4.68207720e-03  4.74288345e-03
 -3.38587937e-02 -5.43826562e-02 -3.06108015e-02  2.05220319e-02
 -6.32590668e-02  6.97111812e-02 -1.89217681e-02  4.80712054e-02
  2.08234308e-02  2.07767422e-02  1.16251630e-02 -4.12953560e-02
  8.37753578e-02  2.18250848e-02 -9.98114592e-03 -5.08782459e-03
  7.45510812e-03  2.77275757e-02 -2.72578655e-02  2.62054901e-02
 -4.09916904e-02 -1.24186132e-02 -5.85465822e-03  1.98614761e-03
  7.72220622e-02 -3.24152632e-02 -5.21225412e-02 -5.04799656e-03
  9.96056838e-01  8.41661037e-01  1.48819274e+00]
Best fitness in all:
5.6253206260716636e-08

Initial parameters
population size = 200
number of generations = 10
Real number of generations = 10
elitism = 1
crossover_rate = 0.95
mutation rate = 0.01
mutation range = 0.1
order = 5
gene ranges = ((-0.2, 0.2), (0.95, 1.05), (0.75, 0.95), (1.4, 1.6))
