Best in last gen:
[-4.17923424e-02  7.04753043e-02  6.39549134e-03  5.07585835e-03
  1.06245521e-02 -6.46367757e-03 -1.27822788e-02  1.61452437e-02
  8.74358392e-03 -4.30866862e-02  3.92729823e-02  1.28024422e-02
  3.83142121e-03 -1.86100259e-03 -1.95085959e-02 -1.05451760e-03
 -1.51704955e-02 -6.39459177e-03  1.92444929e-02 -2.02160491e-02
 -2.48558758e-02 -1.59708043e-02  1.52776847e-02  4.44808597e-02
 -1.71008603e-02  3.54194641e-02 -4.43876744e-03 -2.71082331e-03
  5.86312325e-03 -4.57662182e-03  2.42791083e-02 -3.29174089e-03
  2.47564453e-02  1.93089314e-02  5.05355758e-03  7.31299217e-03
  1.38302140e-03 -9.70962258e-03  2.46074811e-02 -5.16508581e-02
  1.09404233e-02  5.12797132e-03 -1.45573830e-02 -9.27124165e-03
 -2.59852802e-02  7.26638033e-02  6.37804414e-03 -1.46258805e-02
  1.00427081e+00  8.41031843e-01  1.50121731e+00]
Best fitness in last gen:
4.548561885589609e-07

Best in all:
[-4.17923424e-02  7.04753043e-02  6.39549134e-03  5.07585835e-03
  1.06245521e-02 -6.46367757e-03 -1.27822788e-02  1.61452437e-02
  8.74358392e-03 -4.30866862e-02  3.92729823e-02  1.28024422e-02
  3.83142121e-03 -1.86100259e-03 -1.95085959e-02 -1.05451760e-03
 -1.51704955e-02 -6.39459177e-03  1.92444929e-02 -2.02160491e-02
 -2.48558758e-02 -1.59708043e-02  1.52776847e-02  4.44808597e-02
 -1.71008603e-02  3.54194641e-02 -4.43876744e-03 -2.71082331e-03
  5.86312325e-03 -4.57662182e-03  2.42791083e-02 -3.29174089e-03
  2.47564453e-02  1.93089314e-02  5.05355758e-03  7.31299217e-03
  1.38302140e-03 -9.70962258e-03  2.46074811e-02 -5.16508581e-02
  1.09404233e-02  5.12797132e-03 -1.45573830e-02 -9.27124165e-03
 -2.59852802e-02  7.26638033e-02  6.37804414e-03 -1.46258805e-02
  1.00427081e+00  8.41031843e-01  1.50121731e+00]
Best fitness in all:
4.548561885589609e-07

Initial parameters
population size = 200
number of generations = 10000
Real number of generations = 10000
elitism = 1
crossover_rate = 0.95
mutation rate = 0.01
mutation range = 0.1
order = 3
gene ranges = ((-0.2, 0.2), (0.95, 1.05), (0.75, 0.95), (1.4, 1.6))
