Best in last gen:
[ 2.59674618e-03 -2.53575366e-03 -4.10333919e-02 -3.62454226e-02
  3.31918204e-03 -1.63767833e-02 -6.19794926e-03  1.20504430e-02
 -3.62521886e-03 -4.25043832e-02  9.19055118e-02  7.63746100e-04
  1.18401834e-03 -4.05746437e-04 -1.16155872e-02  1.87248035e-02
  1.06928347e-02 -7.50560003e-03  2.11826760e-02 -3.06836292e-02
 -5.12169358e-03 -1.14417142e-02  4.56031231e-02 -1.03345187e-02
 -2.19314209e-02  1.22817238e-02 -8.93121913e-03 -4.22184080e-02
  4.87336316e-02  7.85857301e-03  6.64495165e-03 -7.38233115e-03
 -1.21732167e-02 -2.45173213e-02  5.88918889e-05 -1.06238394e-02
  9.38578800e-02  2.96894099e-03 -2.42780783e-02 -3.10324796e-02
  8.33626970e-03 -2.92936823e-02  1.67979150e-02 -1.03740136e-02
  4.10052030e-03 -2.45915385e-02 -5.19085818e-03 -2.06613787e-02
  9.72208566e-01  8.35542647e-01  5.10520640e-01]
Best fitness in last gen:
3.3399168409440337e-07

Best in all:
[ 2.59674618e-03 -2.53575366e-03 -4.10333919e-02 -3.62454226e-02
  3.31918204e-03 -1.63767833e-02 -6.19794926e-03  1.20504430e-02
 -3.62521886e-03 -4.25043832e-02  9.19055118e-02  7.63746100e-04
  1.18401834e-03 -4.05746437e-04 -1.16155872e-02  1.87248035e-02
  1.06928347e-02 -7.50560003e-03  2.11826760e-02 -3.06836292e-02
 -5.12169358e-03 -1.14417142e-02  4.56031231e-02 -1.03345187e-02
 -2.19314209e-02  1.22817238e-02 -8.93121913e-03 -4.22184080e-02
  4.87336316e-02  7.85857301e-03  6.64495165e-03 -7.38233115e-03
 -1.21732167e-02 -2.45173213e-02  5.88918889e-05 -1.06238394e-02
  9.38578800e-02  2.96894099e-03 -2.42780783e-02 -3.10324796e-02
  8.33626970e-03 -2.92936823e-02  1.67979150e-02 -1.03740136e-02
  4.10052030e-03 -2.45915385e-02 -5.19085818e-03 -2.06613787e-02
  9.72208566e-01  8.35542647e-01  5.10520640e-01]
Best fitness in all:
3.3399168409440337e-07

Initial parameters
population size = 200
number of generations = 10000
Real number of generations = 10000
elitism = 1
crossover_rate = 0.95
mutation rate = 0.01
mutation range = 0.1
order = 3
gene ranges = ((-0.2, 0.2), (0.95, 1.05), (0.75, 0.95), (0.43, 0.63))
