Best in last gen:
[-0.10079025  0.16342263  0.09960941  0.10716771 -0.02645538 -0.03387771
  0.010866    0.17283286  0.04326855  0.08924934 -0.16678407  0.02993455
 -0.03401528  0.06972     0.1088735  -0.12597512 -0.02812157 -0.05717094
  0.00780177  0.11086632 -0.08575787 -0.08564437  0.08144199 -0.09091454
  0.98482887  0.66518664  3.01313257]
Best fitness in last gen:
5.617523901744108e-09

Best in all:
[-0.10079025  0.16342263  0.09960941  0.10716771 -0.02645538 -0.03387771
  0.010866    0.17283286  0.04326855  0.08924934 -0.16678407  0.02993455
 -0.03401528  0.06972     0.1088735  -0.12597512 -0.02812157 -0.05717094
  0.00780177  0.11086632 -0.08575787 -0.08564437  0.08144199 -0.09091454
  0.98482887  0.66518664  3.01313257]
Best fitness in all:
5.617523901744108e-09