Best in last gen:
[ 2.19617629e-02  2.19588726e-02  6.66459672e-02 -8.75416531e-03
 -1.23789683e-02 -8.50313394e-02  5.43458023e-02 -2.63646457e-02
 -1.32215817e-02  2.76325509e-02 -7.05299951e-03 -2.32862461e-02
  2.24824781e-02 -3.01103805e-02  3.76447368e-02 -3.10494130e-02
  1.11257484e-01  1.80545875e-02 -4.13828013e-02  2.67843079e-02
 -1.66262283e-02 -4.05886966e-03 -5.91568419e-03 -4.87994561e-02
 -1.05073937e-02 -2.10925624e-02  2.76746434e-02 -4.60048011e-02
 -1.39443060e-02 -1.94101604e-03 -4.32057893e-02 -7.89661498e-03
  2.47030042e-02  2.39302758e-02  5.57700719e-02  8.25431729e-02
 -1.85590636e-03 -2.48147172e-02 -1.62934950e-03  1.73148144e-02
  9.71966036e-04 -6.75392091e-02  4.55290401e-02  2.89012241e-02
 -5.63914419e-02  2.37400553e-02  2.08911500e-02  5.81438346e-03
  9.79256907e-01  9.86377811e-01  9.56362960e-01]
Best fitness in last gen:
2.75775723582296e-08

Best in all:
[ 2.19617629e-02  2.19588726e-02  6.66459672e-02 -8.75416531e-03
 -1.23789683e-02 -8.50313394e-02  5.43458023e-02 -2.63646457e-02
 -1.32215817e-02  2.76325509e-02 -7.05299951e-03 -2.32862461e-02
  2.24824781e-02 -3.01103805e-02  3.76447368e-02 -3.10494130e-02
  1.11257484e-01  1.80545875e-02 -4.13828013e-02  2.67843079e-02
 -1.66262283e-02 -4.05886966e-03 -5.91568419e-03 -4.87994561e-02
 -1.05073937e-02 -2.10925624e-02  2.76746434e-02 -4.60048011e-02
 -1.39443060e-02 -1.94101604e-03 -4.32057893e-02 -7.89661498e-03
  2.47030042e-02  2.39302758e-02  5.57700719e-02  8.25431729e-02
 -1.85590636e-03 -2.48147172e-02 -1.62934950e-03  1.73148144e-02
  9.71966036e-04 -6.75392091e-02  4.55290401e-02  2.89012241e-02
 -5.63914419e-02  2.37400553e-02  2.08911500e-02  5.81438346e-03
  9.79256907e-01  9.86377811e-01  9.56362960e-01]
Best fitness in all:
2.75775723582296e-08
