Best in last gen:
[-3.28054158e-02 -5.78938257e-02  1.63920282e-02  1.45127274e-02
  4.60372463e-03 -1.89742928e-02 -2.93275334e-02  1.53241249e-02
  2.59819922e-02 -6.41393625e-02 -2.97683559e-02  5.00205250e-02
 -1.51141326e-02  4.22207696e-03  1.06933690e-02 -4.82940771e-02
 -1.04659648e-02  2.22187962e-03 -3.64359595e-04 -9.98097482e-03
 -1.27968368e-02 -3.49429353e-02 -6.62476030e-03  2.19937640e-02
 -2.22056353e-02 -1.03513103e-01  4.36896987e-03  1.27874937e-02
 -2.66312605e-02  7.44966999e-02  2.36865727e-02  3.45009410e-02
  6.90529576e-03  9.32480960e-04  5.73493476e-03  2.98051924e-02
 -3.02818338e-02 -2.98994383e-02  1.82578396e-02 -2.75590757e-02
  1.65242444e-03  3.03486163e-02  2.07527747e-02  6.80996425e-02
 -1.44104974e-02  6.35550176e-02  1.04590291e-03  2.17740531e-03
  1.01059469e+00  7.91211927e-01  1.75454385e+00]
Best fitness in last gen:
4.113854868976932e-07

Best in all:
[-3.28054158e-02 -5.78938257e-02  1.63920282e-02  1.45127274e-02
  4.60372463e-03 -1.89742928e-02 -2.93275334e-02  1.53241249e-02
  2.59819922e-02 -6.41393625e-02 -2.97683559e-02  5.00205250e-02
 -1.51141326e-02  4.22207696e-03  1.06933690e-02 -4.82940771e-02
 -1.04659648e-02  2.22187962e-03 -3.64359595e-04 -9.98097482e-03
 -1.27968368e-02 -3.49429353e-02 -6.62476030e-03  2.19937640e-02
 -2.22056353e-02 -1.03513103e-01  4.36896987e-03  1.27874937e-02
 -2.66312605e-02  7.44966999e-02  2.36865727e-02  3.45009410e-02
  6.90529576e-03  9.32480960e-04  5.73493476e-03  2.98051924e-02
 -3.02818338e-02 -2.98994383e-02  1.82578396e-02 -2.75590757e-02
  1.65242444e-03  3.03486163e-02  2.07527747e-02  6.80996425e-02
 -1.44104974e-02  6.35550176e-02  1.04590291e-03  2.17740531e-03
  1.01059469e+00  7.91211927e-01  1.75454385e+00]
Best fitness in all:
4.113854868976932e-07

Initial parameters
population size = 300
number of generations = 10000
Real number of generations = 2001
elitism = 1
crossover_rate = 0.95
mutation rate = 0.01
mutation range = 0.1
order = 3
gene ranges = ((-0.2, 0.2), (0.95, 1.05), (0.8, 0.8130081300813008), (1.6949152542372883, 1.7543859649122808))
