Best in last gen:
[-0.01185633  0.01450363  0.09606302  0.04292729 -0.00585139  0.05433417
  0.07800126 -0.0669649   0.10669879  0.00496806 -0.01281982 -0.01775268
 -0.06243243  0.02215765 -0.04203107  0.00953477 -0.02982755  0.06203317
 -0.03186846  0.0244759   0.00211702  0.04981948 -0.05978442 -0.07970811
 -0.09290497 -0.04951975  0.06812345 -0.00712192  0.04768099 -0.02495117
 -0.00888185  0.06845257 -0.03176697 -0.06524389 -0.01228269  0.04632769
  0.06157343  0.04643175  0.07218158  0.02571312  0.03788745  0.02251869
 -0.03588892  0.02987057 -0.00785    -0.05383579  0.04241283  0.03794492
  0.95124369  1.4812461   0.49419116]
Best fitness in last gen:
6.028815135237448e-08

Best in all:
[-0.01185633  0.01450363  0.09606302  0.04292729 -0.00585139  0.05433417
  0.07800126 -0.0669649   0.10669879  0.00496806 -0.01281982 -0.01775268
 -0.06243243  0.02215765 -0.04203107  0.00953477 -0.02982755  0.06203317
 -0.03186846  0.0244759   0.00211702  0.04981948 -0.05978442 -0.07970811
 -0.09290497 -0.04951975  0.06812345 -0.00712192  0.04768099 -0.02495117
 -0.00888185  0.06845257 -0.03176697 -0.06524389 -0.01228269  0.04632769
  0.06157343  0.04643175  0.07218158  0.02571312  0.03788745  0.02251869
 -0.03588892  0.02987057 -0.00785    -0.05383579  0.04241283  0.03794492
  0.95124369  1.4812461   0.49419116]
Best fitness in all:
6.028815135237448e-08
