Best in last gen:
[ 0.06512402 -0.02975379 -0.11228677 -0.03069085  0.07525244 -0.04133429
  0.15525315  0.05119296 -0.09156752 -0.05484858 -0.0215516   0.05664766
 -0.05863797 -0.12051689  0.05691399 -0.03761296 -0.07751601  0.01380449
 -0.02299044  0.18268415 -0.03950367  0.07588758  0.05139206 -0.00228839
  1.05147443  1.23636866  1.23823217]
Best fitness in last gen:
1.1036074907610468e-08

Best in all:
[ 0.06512402 -0.02975379 -0.11228677 -0.03069085  0.07525244 -0.04133429
  0.15525315  0.05119296 -0.09156752 -0.05484858 -0.0215516   0.05664766
 -0.05863797 -0.12051689  0.05691399 -0.03761296 -0.07751601  0.01380449
 -0.02299044  0.18268415 -0.03950367  0.07588758  0.05139206 -0.00228839
  1.05147443  1.23636866  1.23823217]
Best fitness in all:
1.1036074907610468e-08