Best in last gen:
[-2.95267275e-03  5.22593480e-02 -3.48412651e-02  1.06358044e-02
 -4.38851903e-02 -1.16491456e-02  3.61905138e-02 -2.67451233e-02
  3.99483740e-02 -1.71206145e-02 -1.69709164e-02  1.49915457e-02
  2.00685306e-02  1.92892886e-02 -2.24628743e-02  8.71377316e-03
 -4.22230319e-02  1.29286791e-02  2.00138512e-02 -6.40148428e-03
 -1.56445774e-02  1.03092873e-02 -3.27902316e-02  2.71546916e-02
  2.09582456e-02 -2.48373072e-02  4.13697321e-03  6.23547818e-03
  6.52698539e-03 -1.33249075e-02  2.65463144e-02 -1.88591465e-02
 -8.89779255e-03 -1.36941093e-04 -1.32771965e-02  6.94618496e-03
 -6.48171605e-03  5.70824447e-02 -1.76412029e-03 -4.83752134e-03
  3.19584379e-02 -1.92168111e-03  9.23317627e-03 -1.62513284e-02
 -4.97592053e-02 -2.41987137e-02 -8.47088581e-03  1.23418032e-02
  1.01134919e+00  8.52326059e-01  9.47661830e-01]
Best fitness in last gen:
6.986760657290348e-08

Best in all:
[-2.95267275e-03  5.22593480e-02 -3.48412651e-02  1.06358044e-02
 -4.38851903e-02 -1.16491456e-02  3.61905138e-02 -2.67451233e-02
  3.99483740e-02 -1.71206145e-02 -1.69709164e-02  1.49915457e-02
  2.00685306e-02  1.92892886e-02 -2.24628743e-02  8.71377316e-03
 -4.22230319e-02  1.29286791e-02  2.00138512e-02 -6.40148428e-03
 -1.56445774e-02  1.03092873e-02 -3.27902316e-02  2.71546916e-02
  2.09582456e-02 -2.48373072e-02  4.13697321e-03  6.23547818e-03
  6.52698539e-03 -1.33249075e-02  2.65463144e-02 -1.88591465e-02
 -8.89779255e-03 -1.36941093e-04 -1.32771965e-02  6.94618496e-03
 -6.48171605e-03  5.70824447e-02 -1.76412029e-03 -4.83752134e-03
  3.19584379e-02 -1.92168111e-03  9.23317627e-03 -1.62513284e-02
 -4.97592053e-02 -2.41987137e-02 -8.47088581e-03  1.23418032e-02
  1.01134919e+00  8.52326059e-01  9.47661830e-01]
Best fitness in all:
6.986760657290348e-08
