Best in last gen:
[-1.06908162e-02  1.62656401e-04  2.37648641e-02 -5.54223490e-02
 -3.99233646e-02  5.14301200e-02  8.70748496e-02  1.61366699e-01
  6.62766981e-02  3.85429733e-03 -1.73169828e-02  8.53753931e-02
  1.16737647e-01  9.38384986e-02 -1.06251585e-01  3.51457865e-03
 -1.06229057e-01  1.03222792e-01  2.14677281e-03  1.43487175e-01
  1.82988184e-01 -5.78718928e-03 -4.52632932e-02  5.12375140e-02
  1.00343641e+00  2.77016756e+00  3.74524148e+00]
Best fitness in last gen:
6.326063387510732e-09

Best in all:
[-1.06908162e-02  1.62656401e-04  2.37648641e-02 -5.54223490e-02
 -3.99233646e-02  5.14301200e-02  8.70748496e-02  1.61366699e-01
  6.62766981e-02  3.85429733e-03 -1.73169828e-02  8.53753931e-02
  1.16737647e-01  9.38384986e-02 -1.06251585e-01  3.51457865e-03
 -1.06229057e-01  1.03222792e-01  2.14677281e-03  1.43487175e-01
  1.82988184e-01 -5.78718928e-03 -4.52632932e-02  5.12375140e-02
  1.00343641e+00  2.77016756e+00  3.74524148e+00]
Best fitness in all:
6.326063387510732e-09