Best in last gen:
[-7.09873794e-02  9.85279154e-05  1.91642294e-02  1.05614742e-02
  1.21657611e-02 -5.60604313e-04 -5.91532569e-03 -1.25209124e-02
 -8.51483440e-03 -7.46878433e-03 -4.96227870e-03 -4.02124327e-03
 -2.16547900e-02  3.72923577e-02  1.71210277e-02 -2.36979835e-02
  3.51591001e-02 -9.82587410e-03  1.19175745e-02  1.18336872e-02
  3.02484593e-02 -5.13271231e-02  5.53731574e-02  1.10270302e-02
  4.48253631e-02 -1.11540371e-02  9.60174808e-03 -1.56570505e-02
 -2.37890986e-02 -1.41612695e-02  4.88224034e-02 -1.07537212e-02
 -9.07724032e-03  1.40543444e-03 -4.32664486e-02 -1.46137798e-02
 -1.14340126e-02  2.75381735e-02  1.97998481e-02  2.59619713e-02
  9.81625234e-03  8.49947959e-03  2.93895434e-02 -1.88744754e-02
 -2.73930022e-03  2.88092509e-03 -2.78039354e-03  7.07924081e-03
  1.00561437e+00  8.18054271e-01  1.34300934e+00]
Best fitness in last gen:
0.08960283525121714

Best in all:
[-7.09873794e-02  9.85279154e-05  1.91642294e-02  1.05614742e-02
  1.21657611e-02 -5.60604313e-04 -5.91532569e-03 -1.25209124e-02
 -8.51483440e-03 -7.46878433e-03 -4.96227870e-03 -4.02124327e-03
 -2.16547900e-02  3.72923577e-02  1.71210277e-02 -2.36979835e-02
  3.51591001e-02 -9.82587410e-03  1.19175745e-02  1.18336872e-02
  3.02484593e-02 -5.13271231e-02  5.53731574e-02  1.10270302e-02
  4.48253631e-02 -1.11540371e-02  9.60174808e-03 -1.56570505e-02
 -2.37890986e-02 -1.41612695e-02  4.88224034e-02 -1.07537212e-02
 -9.07724032e-03  1.40543444e-03 -4.32664486e-02 -1.46137798e-02
 -1.14340126e-02  2.75381735e-02  1.97998481e-02  2.59619713e-02
  9.81625234e-03  8.49947959e-03  2.93895434e-02 -1.88744754e-02
 -2.73930022e-03  2.88092509e-03 -2.78039354e-03  7.07924081e-03
  1.00561437e+00  8.18054271e-01  1.34300934e+00]
Best fitness in all:
0.08960283525121714

Initial parameters
population size = 200
number of generations = 10
Real number of generations = 10
elitism = 1
crossover_rate = 0.95
mutation rate = 0.01
mutation range = 0.1
order = 3
gene ranges = ((-0.2, 0.2), (0.95, 1.05), (0.6, 1.1), (1.1, 1.6))
