Best in last gen:
[-5.41074170e-02  3.41653968e-02 -9.37062070e-03  7.96622149e-03
 -1.96828121e-02  1.19566127e-04  2.51439218e-02  3.45557469e-02
  3.23850745e-02  1.35706129e-02  2.26424313e-02  4.37229108e-02
 -4.81486514e-03  2.37316431e-02 -5.12857210e-02 -1.18061484e-02
 -1.05294345e-02 -5.16127628e-02  2.51903554e-02 -2.66563801e-02
  3.15907121e-03  3.30917352e-02  3.65317095e-02  1.53377408e-03
  2.28223055e-02  9.45158047e-02  4.52749214e-02  1.83289791e-02
 -2.44872086e-02  3.79609244e-02  2.28688651e-02  1.05208945e-02
  3.02460454e-03  3.06758406e-02 -3.63734751e-02 -7.98262482e-03
 -1.58624642e-02 -4.14427846e-02  1.04094684e-02 -4.42248009e-02
 -1.59894431e-02  1.63258347e-02  6.35136607e-02  4.25194022e-02
 -2.45207333e-02 -5.02625532e-03  2.19946460e-02 -1.50834689e-02
  1.01077507e+00  1.29667039e+00  1.23258578e+00]
Best fitness in last gen:
4.208999296911824e-08

Best in all:
[-5.41074170e-02  3.41653968e-02 -9.37062070e-03  7.96622149e-03
 -1.96828121e-02  1.19566127e-04  2.51439218e-02  3.45557469e-02
  3.23850745e-02  1.35706129e-02  2.26424313e-02  4.37229108e-02
 -4.81486514e-03  2.37316431e-02 -5.12857210e-02 -1.18061484e-02
 -1.05294345e-02 -5.16127628e-02  2.51903554e-02 -2.66563801e-02
  3.15907121e-03  3.30917352e-02  3.65317095e-02  1.53377408e-03
  2.28223055e-02  9.45158047e-02  4.52749214e-02  1.83289791e-02
 -2.44872086e-02  3.79609244e-02  2.28688651e-02  1.05208945e-02
  3.02460454e-03  3.06758406e-02 -3.63734751e-02 -7.98262482e-03
 -1.58624642e-02 -4.14427846e-02  1.04094684e-02 -4.42248009e-02
 -1.59894431e-02  1.63258347e-02  6.35136607e-02  4.25194022e-02
 -2.45207333e-02 -5.02625532e-03  2.19946460e-02 -1.50834689e-02
  1.01077507e+00  1.29667039e+00  1.23258578e+00]
Best fitness in all:
4.208999296911824e-08
