Best in last gen:
[-0.11677423 -0.17832848  0.01987774  0.0722287  -0.09877878 -0.07316764
 -0.06452096  0.02715921 -0.01355893 -0.17317611 -0.02710004 -0.09068101
  0.13700211 -0.06340198  0.10478525  0.14414163  0.10723451 -0.01288267
 -0.06856926 -0.10531152 -0.19089174 -0.01546223  0.1350284  -0.19876292
  0.91742634  0.08083181  1.43228922]
Best fitness in last gen:
7.95900518265033e-09

Best in all:
[-0.11677423 -0.17832848  0.01987774  0.0722287  -0.09877878 -0.07316764
 -0.06452096  0.02715921 -0.01355893 -0.17317611 -0.02710004 -0.09068101
  0.13700211 -0.06340198  0.10478525  0.14414163  0.10723451 -0.01288267
 -0.06856926 -0.10531152 -0.19089174 -0.01546223  0.1350284  -0.19876292
  0.91742634  0.08083181  1.43228922]
Best fitness in all:
7.95900518265033e-09