Best in last gen:
[-5.46811816e-02 -1.69888831e-04  4.10435026e-02  1.01090939e-02
 -1.68117128e-02 -5.83235744e-03  2.99680950e-02  2.32234531e-02
  4.06754474e-02 -2.83843000e-02 -1.57650114e-01  9.73517195e-03
 -1.89427091e-02  6.52093768e-03 -5.19820771e-03  2.91658397e-02
 -3.61597702e-02  8.55933405e-03 -7.23701130e-03  2.98806888e-02
 -5.26663002e-02  7.56405099e-03 -2.41815473e-02 -6.17590466e-03
  6.72352125e-03 -2.45715960e-02  5.32909033e-03  1.22329210e-03
 -6.71618315e-02  2.74090437e-02 -1.02888915e-01  4.92657061e-02
 -3.40774389e-02 -3.08451120e-02 -1.69122184e-02  6.39134785e-03
  3.42484213e-02 -4.36641277e-02 -2.87822240e-02 -5.05555439e-03
  2.91999820e-03 -2.42473941e-02 -8.30216884e-02  4.62819017e-02
 -3.61059672e-02 -3.91781803e-02 -3.21478295e-02 -3.23433602e-03
  9.80651498e-01  1.72225917e+00  8.20506570e-01]
Best fitness in last gen:
8.39468107872531e-07

Best in all:
[-5.46811816e-02 -1.69888831e-04  4.10435026e-02  1.01090939e-02
 -1.68117128e-02 -5.83235744e-03  2.99680950e-02  2.32234531e-02
  4.06754474e-02 -2.83843000e-02 -1.57650114e-01  9.73517195e-03
 -1.89427091e-02  6.52093768e-03 -5.19820771e-03  2.91658397e-02
 -3.61597702e-02  8.55933405e-03 -7.23701130e-03  2.98806888e-02
 -5.26663002e-02  7.56405099e-03 -2.41815473e-02 -6.17590466e-03
  6.72352125e-03 -2.45715960e-02  5.32909033e-03  1.22329210e-03
 -6.71618315e-02  2.74090437e-02 -1.02888915e-01  4.92657061e-02
 -3.40774389e-02 -3.08451120e-02 -1.69122184e-02  6.39134785e-03
  3.42484213e-02 -4.36641277e-02 -2.87822240e-02 -5.05555439e-03
  2.91999820e-03 -2.42473941e-02 -8.30216884e-02  4.62819017e-02
 -3.61059672e-02 -3.91781803e-02 -3.21478295e-02 -3.23433602e-03
  9.80651498e-01  1.72225917e+00  8.20506570e-01]
Best fitness in all:
8.39468107872531e-07

Initial parameters
population size = 300
number of generations = 10000
Real number of generations = 10000
elitism = 1
crossover_rate = 0.95
mutation rate = 0.01
mutation range = 0.1
order = 3
gene ranges = ((-0.2, 0.2), (0.95, 1.05), (1.6949152542372883, 1.7543859649122808), (0.8, 0.8130081300813008))
