Best in last gen:
[ 1.46655924e-02 -2.36402337e-02 -3.26624506e-02  3.76539788e-04
  4.66462069e-02  8.22252548e-03  8.71316711e-03 -4.95691572e-03
  3.44232045e-03 -1.37397714e-02  6.24455029e-02  1.11856913e-02
  5.43821659e-02  1.33926908e-02  3.09049738e-02 -1.30476076e-02
 -3.31572101e-02  1.28450808e-02  9.45223724e-03  1.29749064e-02
  2.02975217e-02  2.57759883e-02 -5.24838069e-03  2.43710975e-02
  1.77155088e-02  2.78052218e-03 -3.49215025e-02 -2.58811369e-03
 -1.59152858e-02 -8.90386772e-03 -3.50224432e-02 -1.26056937e-02
 -1.65771983e-02 -2.68767721e-03 -3.09934563e-02  3.94004186e-02
 -2.52391449e-02  1.84416935e-03  1.46752202e-02 -2.01034819e-02
  1.62424917e-02 -1.70931038e-03  5.58911727e-02  7.51709448e-03
  1.89803260e-02 -1.13326068e-02  1.41367380e-02 -2.48493933e-02
  1.00313532e+00  1.48704688e+00  5.01355293e-01]
Best fitness in last gen:
5.296432184714325e-08

Best in all:
[ 1.46655924e-02 -2.36402337e-02 -3.26624506e-02  3.76539788e-04
  4.66462069e-02  8.22252548e-03  8.71316711e-03 -4.95691572e-03
  3.44232045e-03 -1.37397714e-02  6.24455029e-02  1.11856913e-02
  5.43821659e-02  1.33926908e-02  3.09049738e-02 -1.30476076e-02
 -3.31572101e-02  1.28450808e-02  9.45223724e-03  1.29749064e-02
  2.02975217e-02  2.57759883e-02 -5.24838069e-03  2.43710975e-02
  1.77155088e-02  2.78052218e-03 -3.49215025e-02 -2.58811369e-03
 -1.59152858e-02 -8.90386772e-03 -3.50224432e-02 -1.26056937e-02
 -1.65771983e-02 -2.68767721e-03 -3.09934563e-02  3.94004186e-02
 -2.52391449e-02  1.84416935e-03  1.46752202e-02 -2.01034819e-02
  1.62424917e-02 -1.70931038e-03  5.58911727e-02  7.51709448e-03
  1.89803260e-02 -1.13326068e-02  1.41367380e-02 -2.48493933e-02
  1.00313532e+00  1.48704688e+00  5.01355293e-01]
Best fitness in all:
5.296432184714325e-08
