Best in last gen:
[-6.70232110e-03 -2.90631733e-02  3.76738341e-02 -8.15270772e-03
  1.72533151e-02  1.51244613e-04 -5.34505933e-02 -1.95354279e-02
  3.85542150e-02  8.00089698e-03 -2.46911602e-03 -4.24562835e-02
  7.67655092e-02  9.90712778e-03 -1.22136366e-02  4.79240042e-02
 -1.85863470e-02 -2.46220520e-02 -5.82066729e-02  1.33284591e-02
  5.74090561e-03  9.90094284e-03  8.45658473e-03 -3.59505236e-02
  9.93192879e-01  2.44193505e+00  1.96032272e+00]
Best fitness in last gen:
5.422467605154327e-07

Best in all:
[ 0.00511084 -0.01378641  0.02796262  0.02616644  0.03587818 -0.01004545
 -0.04324079 -0.00333138  0.02699976 -0.00988349 -0.0663807  -0.03029879
  0.07758972  0.02021791  0.04117492  0.04689471 -0.0237472  -0.02076616
 -0.04551688  0.01756872  0.02036203 -0.02742879 -0.01833416 -0.02711684
  1.02096134  2.48230023  2.08672685]
Best fitness in all:
1.1875308152796591e-07