Best in last gen:
[-0.08290407  0.11711761  0.02838784 -0.07440618  0.10816964  0.03263933
 -0.07229647  0.07744703 -0.05674168 -0.01843494  0.15072978 -0.11221034
  0.12139927 -0.02676604  0.11405987  0.11238279  0.0406131  -0.01727008
 -0.043741   -0.03120895 -0.12234525  0.05615304 -0.04144425 -0.04698121
  0.99474542  3.63474093  2.66908451]
Best fitness in last gen:
1.105288962687847e-08

Best in all:
[-0.08290407  0.11711761  0.02838784 -0.07440618  0.10816964  0.03263933
 -0.07229647  0.07744703 -0.05674168 -0.01843494  0.15072978 -0.11221034
  0.12139927 -0.02676604  0.11405987  0.11238279  0.0406131  -0.01727008
 -0.043741   -0.03120895 -0.12234525  0.05615304 -0.04144425 -0.04698121
  0.99474542  3.63474093  2.66908451]
Best fitness in all:
1.105288962687847e-08
