Best in last gen:
[ 4.96019946e-02  5.41296270e-02 -2.45089889e-02 -1.47293222e-02
  2.58367164e-02 -3.33031440e-03  1.48938153e-03  2.76705779e-03
  5.97143698e-02  3.47464962e-02  8.09910394e-04 -9.68208006e-03
 -3.19171266e-02  1.88983387e-03  1.87363430e-05  1.00068848e-03
  1.76487098e-03 -9.53512685e-05  1.92160037e-02 -1.43951393e-02
 -2.09924245e-02 -3.13239520e-02  1.10136850e-02  3.89835212e-02
  6.21552605e-02  2.58286136e-04  5.45478354e-03  6.02911957e-04
 -6.18293984e-03 -1.07769309e-02  1.46539644e-02 -3.73987588e-02
 -2.35556573e-02 -7.95579179e-03 -3.73333379e-02 -2.23285547e-02
  3.12734716e-03  2.16691555e-02  6.00704191e-03 -3.58890161e-02
 -4.32350357e-02 -3.06334625e-02  8.27513400e-02  2.93389244e-02
 -2.92875311e-02  4.84080368e-02 -1.32496172e-02  9.34003597e-03
  1.01270540e+00  8.76059242e-01  1.06179650e+00]
Best fitness in last gen:
3.075496615553363e-08

Best in all:
[ 4.96019946e-02  5.41296270e-02 -2.45089889e-02 -1.47293222e-02
  2.58367164e-02 -3.33031440e-03  1.48938153e-03  2.76705779e-03
  5.97143698e-02  3.47464962e-02  8.09910394e-04 -9.68208006e-03
 -3.19171266e-02  1.88983387e-03  1.87363430e-05  1.00068848e-03
  1.76487098e-03 -9.53512685e-05  1.92160037e-02 -1.43951393e-02
 -2.09924245e-02 -3.13239520e-02  1.10136850e-02  3.89835212e-02
  6.21552605e-02  2.58286136e-04  5.45478354e-03  6.02911957e-04
 -6.18293984e-03 -1.07769309e-02  1.46539644e-02 -3.73987588e-02
 -2.35556573e-02 -7.95579179e-03 -3.73333379e-02 -2.23285547e-02
  3.12734716e-03  2.16691555e-02  6.00704191e-03 -3.58890161e-02
 -4.32350357e-02 -3.06334625e-02  8.27513400e-02  2.93389244e-02
 -2.92875311e-02  4.84080368e-02 -1.32496172e-02  9.34003597e-03
  1.01270540e+00  8.76059242e-01  1.06179650e+00]
Best fitness in all:
3.075496615553363e-08
