Best in last gen:
[-4.08796943e-02  4.06024651e-02 -5.48044243e-02 -1.07678901e-02
 -3.64173693e-02 -2.40264091e-02 -2.58686868e-02 -4.42045616e-02
  3.18111701e-02 -1.90060708e-03 -9.52658964e-03  1.88019621e-02
  4.93236642e-02 -2.62964141e-02 -2.89586008e-03  1.55911997e-02
 -8.97224358e-03 -4.03841824e-03  1.04353506e-02  1.52083920e-02
 -2.75891031e-03  6.44699039e-04 -2.31227725e-02  2.46367343e-02
  1.31404392e-02 -1.46340668e-02  1.55592299e-02  5.79232948e-02
  5.22768024e-02 -1.97287327e-02 -9.33611074e-02  3.05557073e-02
 -7.68689755e-03  8.82836922e-02 -3.58789258e-03  1.37540892e-02
  1.42013003e-03 -1.49259233e-02 -6.46527462e-03  1.84566529e-02
  1.32602363e-02  6.68918277e-03  8.31484713e-02 -3.57765190e-02
 -4.56009563e-03 -1.04569513e-01  6.48837111e-02  2.12869700e-02
  1.00892086e+00  3.38042742e-01  8.18861682e-01  1.46277490e+00]
Best fitness in last gen:
0.0007530988717408905

Best in all:
[-4.08796943e-02  4.06024651e-02 -5.48044243e-02 -1.07678901e-02
 -3.64173693e-02 -2.40264091e-02 -2.58686868e-02 -4.42045616e-02
  3.18111701e-02 -1.90060708e-03 -9.52658964e-03  1.88019621e-02
  4.93236642e-02 -2.62964141e-02 -2.89586008e-03  1.55911997e-02
 -8.97224358e-03 -4.03841824e-03  1.04353506e-02  1.52083920e-02
 -2.75891031e-03  6.44699039e-04 -2.31227725e-02  2.46367343e-02
  1.31404392e-02 -1.46340668e-02  1.55592299e-02  5.79232948e-02
  5.22768024e-02 -1.97287327e-02 -9.33611074e-02  3.05557073e-02
 -7.68689755e-03  8.82836922e-02 -3.58789258e-03  1.37540892e-02
  1.42013003e-03 -1.49259233e-02 -6.46527462e-03  1.84566529e-02
  1.32602363e-02  6.68918277e-03  8.31484713e-02 -3.57765190e-02
 -4.56009563e-03 -1.04569513e-01  6.48837111e-02  2.12869700e-02
  1.00892086e+00  3.38042742e-01  8.18861682e-01  1.46277490e+00]
Best fitness in all:
0.0007530988717408905
GA calculation time:
2332.3944697380066

Initial parameters
population size = 200
number of generations = 10000
Real number of generations = 10000
elitism = 2
crossover_rate = 0.95
mutation rate = 0.007
mutation range = 0.1
order = 3
gene ranges = ((-0.1, 0.1), (0.98, 1.02), (-2, 2), (0.65, 1.05), (1.2, 1.6))
