Best in last gen:
[-0.12521855  0.04311079 -0.09568048 -0.19598083  0.0070707   0.16677407
  0.05393608  0.07829651 -0.00501823 -0.05546198  0.11983068  0.06243553
  0.08378607 -0.17723572  0.13879391  0.17685837 -0.12336152 -0.1752357
 -0.02626334 -0.15983544 -0.1676169   0.16845386  0.11040545  0.03706688
  0.90696062  3.23441365  2.17656291]
Best fitness in last gen:
7.897266946668414e-09

Best in all:
[-0.12521855  0.04311079 -0.09568048 -0.19598083  0.0070707   0.16677407
  0.05393608  0.07829651 -0.00501823 -0.05546198  0.11983068  0.06243553
  0.08378607 -0.17723572  0.13879391  0.17685837 -0.12336152 -0.1752357
 -0.02626334 -0.15983544 -0.1676169   0.16845386  0.11040545  0.03706688
  0.90696062  3.23441365  2.17656291]
Best fitness in all:
7.897266946668414e-09
