Best in last gen:
[ 5.69060131e-03 -2.43534238e-02  1.09408475e-02 -3.88834303e-02
  6.63792778e-02  1.24768017e-02 -1.07620875e-03 -9.21214292e-03
 -2.25245879e-02 -3.32576759e-02 -5.72454768e-02 -4.56176150e-02
 -2.45878488e-03 -1.59469931e-03  2.72770314e-02 -1.40647757e-02
 -3.05292273e-02  2.55470300e-02  7.42931807e-02 -3.49375163e-02
 -7.49045612e-03  1.11366864e-02  2.14894161e-02  6.75410956e-03
  9.45591449e-01  2.30145580e+00  1.76617436e+00]
Best fitness in last gen:
4.281387622718687e-07

Best in all:
[ 8.23850521e-04 -6.39892358e-03  1.31074725e-02 -4.22925301e-02
  3.64803930e-02  2.37479013e-02  4.95664071e-03 -1.52967328e-02
 -2.86037199e-02 -3.85303364e-02 -8.80457702e-02  1.11340966e-02
 -6.20866918e-03  8.93434287e-03  2.12538318e-02 -7.18912339e-03
 -6.67115954e-02  3.00779979e-02  7.38833599e-02 -3.42802400e-02
 -2.37046315e-03  1.25606197e-02  4.17952409e-02  1.25259477e-03
  9.69314283e-01  2.29624596e+00  1.77185586e+00]
Best fitness in all:
1.8559382974444672e-07
