Best in last gen:
[-6.42105867e-02  9.46197735e-02 -5.61508087e-02  3.56269565e-05
 -2.71103228e-02 -4.61784798e-02  1.65852596e-02  4.49773617e-02
 -3.51385765e-02 -8.29264971e-02  2.29084545e-02  1.45284138e-02
  1.38605160e-03 -7.04392245e-03 -9.67320258e-03  2.24858482e-03
 -7.26257069e-03 -3.02274038e-03 -4.85237711e-03  8.65848524e-03
 -1.66625073e-02 -6.96075612e-03  8.16238645e-02 -1.22587286e-02
 -5.82500260e-02  2.00633455e-02 -6.12283011e-02  1.56932235e-02
 -7.42311226e-02  8.71829361e-04  1.10542771e-01 -4.96221573e-02
 -9.82746962e-03 -1.17467596e-02  2.55666793e-04 -6.61455889e-02
  2.02064790e-02  7.93841685e-03  2.73921277e-04  1.85254983e-02
 -9.07353028e-02  4.89569894e-03 -3.40884419e-02  1.94410068e-02
 -4.80818717e-03 -4.17103283e-02  1.94997670e-02  4.53068788e-03
  4.86097639e-02  8.41319047e-02 -1.16179142e-03  5.46380543e-03
 -8.30127620e-02 -6.71218755e-03  7.54052349e-02 -1.46529269e-02
  1.80112761e-02 -3.12022983e-02  8.63768940e-02 -7.12375148e-03
  1.91214424e-02  7.38099956e-03  8.03076594e-02  7.71060532e-03
  1.25563509e-02  1.76562677e-03 -2.77391736e-02 -5.17065227e-02
  9.44706605e-02 -7.97685711e-03 -3.55522958e-03  5.90598966e-03
  6.20390422e-03  1.23133878e-02 -7.81559205e-02  1.40455073e-02
 -2.82431786e-02  2.83679710e-03  1.07474684e-02 -1.30172891e-02
 -5.59620941e-03  1.68845226e-02  1.23422776e-02 -1.40136274e-02
 -2.27582462e-02  1.68254164e-02  8.73590235e-03 -1.12690302e-02
 -2.81755679e-03  1.39582250e-02 -1.42827823e-02 -1.24762384e-02
  8.02421574e-03  1.22969112e-01  1.34425258e-02 -8.67814306e-03
 -2.18718946e-02 -2.65628522e-02 -4.31495313e-02  8.86234741e-03
 -1.29503818e-02  1.87863084e-02 -7.53352988e-03  4.10785713e-02
 -7.13556964e-02  5.31727445e-04 -1.36422055e-02 -1.67464912e-01
 -4.00134857e-02 -1.61525019e-02  2.57613919e-02  3.18759412e-02
 -1.38974457e-02  4.03399668e-02 -4.67442527e-02  2.83854956e-02
  3.30009659e-03  1.88439262e-02 -1.22167065e-02  2.81266351e-03
  9.24311815e-01  1.62491277e+00  8.11415245e-01]
Best fitness in last gen:
1.0251185179901347e-07

Best in all:
[-6.42105867e-02  9.46197735e-02 -5.61508087e-02  3.56269565e-05
 -2.71103228e-02 -4.61784798e-02  1.65852596e-02  4.49773617e-02
 -3.51385765e-02 -8.29264971e-02  2.29084545e-02  1.45284138e-02
  1.38605160e-03 -7.04392245e-03 -9.67320258e-03  2.24858482e-03
 -7.26257069e-03 -3.02274038e-03 -4.85237711e-03  8.65848524e-03
 -1.66625073e-02 -6.96075612e-03  8.16238645e-02 -1.22587286e-02
 -5.82500260e-02  2.00633455e-02 -6.12283011e-02  1.56932235e-02
 -7.42311226e-02  8.71829361e-04  1.10542771e-01 -4.96221573e-02
 -9.82746962e-03 -1.17467596e-02  2.55666793e-04 -6.61455889e-02
  2.02064790e-02  7.93841685e-03  2.73921277e-04  1.85254983e-02
 -9.07353028e-02  4.89569894e-03 -3.40884419e-02  1.94410068e-02
 -4.80818717e-03 -4.17103283e-02  1.94997670e-02  4.53068788e-03
  4.86097639e-02  8.41319047e-02 -1.16179142e-03  5.46380543e-03
 -8.30127620e-02 -6.71218755e-03  7.54052349e-02 -1.46529269e-02
  1.80112761e-02 -3.12022983e-02  8.63768940e-02 -7.12375148e-03
  1.91214424e-02  7.38099956e-03  8.03076594e-02  7.71060532e-03
  1.25563509e-02  1.76562677e-03 -2.77391736e-02 -5.17065227e-02
  9.44706605e-02 -7.97685711e-03 -3.55522958e-03  5.90598966e-03
  6.20390422e-03  1.23133878e-02 -7.81559205e-02  1.40455073e-02
 -2.82431786e-02  2.83679710e-03  1.07474684e-02 -1.30172891e-02
 -5.59620941e-03  1.68845226e-02  1.23422776e-02 -1.40136274e-02
 -2.27582462e-02  1.68254164e-02  8.73590235e-03 -1.12690302e-02
 -2.81755679e-03  1.39582250e-02 -1.42827823e-02 -1.24762384e-02
  8.02421574e-03  1.22969112e-01  1.34425258e-02 -8.67814306e-03
 -2.18718946e-02 -2.65628522e-02 -4.31495313e-02  8.86234741e-03
 -1.29503818e-02  1.87863084e-02 -7.53352988e-03  4.10785713e-02
 -7.13556964e-02  5.31727445e-04 -1.36422055e-02 -1.67464912e-01
 -4.00134857e-02 -1.61525019e-02  2.57613919e-02  3.18759412e-02
 -1.38974457e-02  4.03399668e-02 -4.67442527e-02  2.83854956e-02
  3.30009659e-03  1.88439262e-02 -1.22167065e-02  2.81266351e-03
  9.24311815e-01  1.62491277e+00  8.11415245e-01]
Best fitness in all:
1.0251185179901347e-07

Initial parameters
population size = 300
number of generations = 10000
Real number of generations = 4001
elitism = 2
crossover_rate = 0.95
mutation rate = 0.05
mutation range = 0.15
order = 5
gene ranges = ((-0.1, 0.1), (0.95, 1.05), (1.5873015873015872, 1.886792452830189), (0.7751937984496123, 0.8403361344537815))
